name	x	y	w	h
b176	0.000	0.000	1.732	6.928
b194	1.732	0.000	12.748	5.099
b188	14.480	0.000	4.677	7.483
b183	19.157	0.000	3.708	5.933
b199	22.865	0.000	7.000	7.000
b187	29.865	0.000	3.446	5.514
b175	33.311	0.000	1.936	7.746
b169	35.247	0.000	10.724	4.290
b196	35.247	4.290	7.583	3.033
b162	42.830	4.290	3.606	3.606
b193	46.436	0.000	12.748	5.099
b198	46.436	5.099	11.314	2.828
b191	59.183	0.000	7.483	7.483
b155	66.667	0.000	1.936	3.098
b197	68.603	0.000	15.362	3.841
b192	66.667	3.841	7.416	2.966
b195	74.083	3.841	8.944	3.578
b179	83.027	3.841	16.248	4.062
b189	1.732	7.927	9.592	2.398
b163	1.732	10.325	8.775	8.775
b106	10.507	10.325	5.477	8.764
b166	1.732	19.100	2.000	8.000
b139	3.732	19.100	12.166	3.041
b190	3.732	22.142	6.708	6.708
b177	3.732	28.850	4.899	4.899
b159	10.440	22.142	2.784	11.136
b168	13.224	22.142	2.872	11.489
b170	1.732	33.749	12.000	3.000
b142	1.732	36.749	3.354	13.416
b150	1.732	50.165	2.958	4.733
b186	1.732	54.898	2.398	9.592
b185	5.086	36.749	7.246	2.898
b184	12.332	36.749	3.742	3.742
b148	5.086	40.491	6.325	2.530
b182	11.411	40.491	3.873	3.873
b173	5.086	44.364	2.872	11.489
b156	5.086	55.853	2.693	10.770
b160	7.958	44.364	4.000	4.000
b158	11.958	44.364	4.123	4.123
b174	7.958	48.487	4.243	4.243
b180	12.201	48.487	3.873	3.873
b165	7.958	52.729	7.000	7.000
b178	7.958	59.729	1.732	6.928
b138	9.690	59.729	2.449	9.798
b134	9.690	69.527	2.062	8.246
b147	12.140	59.729	3.742	3.742
b145	12.140	63.471	3.708	14.832
b144	16.096	7.927	8.062	3.225
b164	24.159	7.927	11.136	2.784
b115	35.294	7.927	12.649	3.162
b171	47.943	7.927	13.115	3.279
b181	61.058	7.927	7.583	3.033
b161	68.641	7.927	7.246	2.898
b172	16.096	11.206	4.183	6.693
b131	20.280	11.206	4.031	6.450
b140	24.311	11.206	1.323	5.292
b152	25.634	11.206	4.937	7.899
b141	30.571	11.206	4.402	7.043
b114	34.973	11.206	4.108	6.573
b157	39.080	11.206	2.121	8.485
b143	41.202	11.206	8.485	8.485
b133	49.687	11.206	1.225	4.899
b167	50.912	11.206	3.873	6.197
b118	54.785	11.206	5.534	8.854
b108	60.319	11.206	1.936	7.746
b123	62.255	11.206	2.062	8.246
b121	64.317	11.206	7.211	7.211
b112	71.528	11.206	8.660	3.464
b91	80.188	11.206	13.266	3.317
b149	93.455	11.206	6.708	2.683
b151	71.528	14.670	3.162	5.060
b129	74.690	14.670	13.416	5.367
b154	88.107	14.670	12.845	5.138
b104	16.096	20.061	2.828	11.314
b120	16.096	31.374	2.449	9.798
b65	18.925	20.061	3.000	12.000
b146	18.925	32.061	3.162	12.649
b116	22.087	20.061	5.916	9.466
b137	28.003	20.061	1.936	7.746
b88	22.087	29.526	5.184	8.295
b132	27.271	29.526	2.345	9.381
b100	22.087	38.907	7.746	3.098
b127	22.087	42.005	6.892	2.757
b89	22.087	44.762	7.746	1.936
b105	22.087	46.699	3.428	13.711
b117	25.515	46.699	4.472	7.155
b107	25.515	53.854	4.031	6.450
b126	22.087	60.410	6.164	6.164
b92	22.087	66.575	3.000	12.000
b136	25.087	66.575	4.123	4.123
b110	25.087	70.698	4.743	7.589
b79	29.987	20.061	7.906	3.162
b135	37.893	20.061	4.472	4.472
b128	42.365	20.061	8.944	3.578
b83	51.309	20.061	7.906	3.162
b71	59.215	20.061	11.292	4.517
b62	70.506	20.061	15.492	3.873
b153	85.998	20.061	4.243	4.243
b98	90.241	20.061	7.746	1.936
b58	90.241	21.997	10.583	2.646
b130	29.987	24.643	13.323	5.329
b125	43.310	24.643	3.354	5.367
b124	46.664	24.643	3.446	5.514
b102	50.110	24.643	5.831	5.831
b69	55.941	24.643	4.031	6.450
b119	59.972	24.643	11.136	2.784
b51	71.108	24.643	13.711	3.428
b122	84.819	24.643	13.565	3.391
b87	59.972	28.071	11.136	2.784
b78	71.108	28.071	12.649	3.162
b90	83.757	28.071	12.490	3.122
b82	29.987	31.233	9.747	3.899
b81	39.734	31.233	7.583	3.033
b103	47.317	31.233	9.618	3.847
b85	56.934	31.233	16.000	4.000
b84	72.934	31.233	15.100	3.775
b99	88.034	31.233	8.216	3.286
b101	29.987	35.233	4.153	16.613
b96	29.987	51.846	5.000	8.000
b76	29.987	59.846	4.899	1.225
b67	29.987	61.071	3.808	15.232
b109	33.795	61.071	1.581	6.325
b53	33.795	67.395	1.658	6.633
b60	35.453	35.233	3.082	12.329
b66	35.453	47.562	2.958	11.832
b73	38.535	35.233	3.953	6.325
b93	42.488	35.233	9.083	3.633
b97	42.488	38.866	7.906	3.162
b39	51.571	35.233	10.607	4.243
b55	51.571	39.476	9.381	2.345
b94	62.178	35.233	3.000	3.000
b111	62.178	38.233	3.000	3.000
b48	65.178	35.233	9.592	2.398
b59	65.178	37.631	17.436	4.359
b64	82.613	35.233	18.000	4.500
b86	82.613	39.733	9.165	2.291
b77	91.779	39.733	7.483	1.871
b52	38.535	42.028	12.000	3.000
b75	38.535	45.028	9.592	2.398
b80	48.127	45.028	2.828	2.828
b54	38.535	47.857	7.906	3.162
b63	46.441	47.857	4.359	4.359
b61	38.535	52.216	3.162	12.649
b72	38.535	64.865	3.162	12.649
b33	41.698	52.216	4.899	4.899
b56	46.597	52.216	4.472	4.472
b31	41.698	57.115	7.416	2.966
b45	41.698	60.081	2.179	8.718
b35	41.698	68.799	2.121	8.485
b74	43.877	60.081	6.892	2.757
b113	43.877	62.838	3.279	13.115
b21	47.156	62.838	3.905	15.620
b95	51.069	42.028	4.472	7.155
b30	51.069	49.184	4.123	4.123
b57	51.069	53.307	4.541	7.266
b50	51.069	60.573	3.536	14.142
b25	55.610	42.028	3.428	13.711
b12	55.610	55.740	3.674	14.697
b0	59.285	42.028	4.583	4.583
b14	59.285	46.611	3.742	3.742
b4	59.285	50.353	4.330	6.928
b15	59.285	57.281	4.301	17.205
b27	59.285	74.485	4.359	4.359
b24	63.867	42.028	2.958	4.733
b11	66.825	42.028	3.354	5.367
b46	70.179	42.028	10.198	2.550
b5	70.179	44.578	12.490	3.122
b19	82.669	42.028	3.606	3.606
b49	86.275	42.028	13.416	3.354
b29	82.669	45.634	8.000	2.000
b8	90.669	45.634	8.485	2.121
b40	63.867	47.755	3.202	12.806
b23	63.867	60.561	3.000	12.000
b3	67.069	47.755	5.568	5.568
b16	72.636	47.755	3.062	4.899
b70	75.698	47.755	3.354	5.367
b42	79.052	47.755	5.477	5.477
b9	84.530	47.755	14.967	3.742
b47	84.530	51.497	6.928	1.732
b6	67.069	53.323	2.958	4.733
b44	67.069	58.056	2.000	8.000
b26	67.069	66.056	3.122	12.490
b43	70.191	53.323	14.000	3.500
b10	84.191	53.323	14.422	3.606
b37	70.191	56.929	3.464	3.464
b28	70.191	60.393	3.969	15.875
b18	74.160	56.929	7.583	3.033
b22	81.743	56.929	12.166	3.041
b20	74.160	59.970	11.489	2.872
b41	85.649	59.970	5.000	2.000
b1	90.649	59.970	10.392	2.598
b38	74.160	62.842	8.803	3.521
b2	82.963	62.842	14.283	3.571
b68	74.160	66.413	4.330	6.928
b7	74.160	73.341	4.583	4.583
b34	78.742	66.413	10.198	2.550
b36	78.742	68.962	2.739	4.382
b13	81.481	68.962	17.550	4.387
b17	78.742	73.350	11.136	2.784
b32	78.742	76.134	10.392	2.598
