name	x	y	w	h
b157	0.000	0.000	8.485	2.121
b143	0.000	2.121	10.954	6.573
b193	0.000	8.694	11.402	5.701
b196	0.000	14.395	3.916	5.874
b184	3.916	14.395	2.415	5.797
b198	6.331	14.395	5.416	5.908
b158	0.000	20.303	3.571	4.761
b146	3.571	20.303	8.165	4.899
b190	0.000	25.202	6.708	6.708
b74	6.708	25.202	2.814	6.753
b180	9.522	25.202	2.236	6.708
b139	0.000	31.955	4.301	8.602
b179	4.301	31.955	7.416	8.899
b176	0.000	40.854	4.472	2.683
b187	4.472	40.854	7.118	2.669
b120	0.000	43.538	3.162	7.589
b144	3.162	43.538	3.291	7.899
b147	6.454	43.538	5.292	2.646
b87	6.454	46.183	5.331	5.815
b127	0.000	51.999	5.033	3.775
b138	5.033	51.999	6.325	3.795
b150	0.000	55.794	6.481	2.160
b178	6.481	55.794	5.292	2.268
b156	0.000	58.061	4.113	7.051
b114	0.000	65.112	4.243	6.364
b23	0.000	71.476	4.243	8.485
b163	0.000	79.961	4.387	17.550
b153	4.387	58.061	7.348	2.449
b82	4.387	60.511	7.118	5.339
b175	4.387	65.849	7.416	2.023
b169	4.387	67.872	3.916	11.747
b194	4.387	79.619	4.031	16.125
b151	8.419	67.872	3.464	4.619
b188	8.419	72.491	3.416	10.247
b181	8.419	82.738	3.391	6.782
b172	8.419	89.520	3.416	8.198
b116	11.883	0.000	4.830	11.593
b121	16.713	0.000	5.099	10.198
b140	16.713	10.198	5.066	1.382
b166	11.883	11.593	3.055	5.237
b170	14.938	11.593	6.928	5.196
b33	11.883	16.830	9.798	2.449
b155	11.883	19.280	2.828	2.121
b136	14.711	19.280	7.141	2.380
b81	11.883	21.660	2.769	8.307
b8	14.652	21.660	2.449	7.348
b61	17.101	21.660	4.830	8.281
b78	11.883	29.967	5.477	7.303
b173	17.360	29.967	4.387	7.521
b50	11.883	37.488	7.071	7.071
b185	18.954	37.488	2.958	7.099
b122	11.883	44.588	7.832	5.874
b162	19.714	44.588	2.082	6.245
b126	11.883	50.833	5.902	6.439
b107	17.785	50.833	4.163	6.245
b75	11.883	57.271	5.538	4.153
b134	17.420	57.271	4.123	4.123
b115	11.883	61.424	7.303	5.477
b137	19.186	61.424	2.739	5.477
b31	11.883	66.902	2.345	9.381
b145	14.228	66.902	4.787	11.489
b102	19.015	66.902	2.915	11.662
b183	11.883	78.564	9.381	2.345
b189	11.883	80.909	3.391	6.782
b117	11.883	87.691	3.266	9.798
b199	15.274	80.909	3.500	14.000
b19	18.774	80.909	3.122	4.163
b152	18.774	85.072	3.122	12.490
b71	21.948	0.000	11.662	4.373
b192	33.610	0.000	5.416	4.062
b125	39.026	0.000	4.243	4.243
b76	43.269	0.000	1.414	4.243
b13	44.683	0.000	17.550	4.387
b106	21.948	4.387	9.798	4.899
b108	31.746	4.387	7.416	2.023
b132	31.746	6.410	7.659	2.872
b142	39.405	4.387	9.487	4.743
b92	48.892	4.387	12.000	3.000
b29	60.892	4.387	5.657	2.828
b89	48.892	7.387	7.746	1.936
b80	56.638	7.387	4.320	1.852
b186	21.948	9.324	2.769	8.307
b182	24.717	9.324	1.936	7.746
b177	26.653	9.324	8.944	2.683
b149	26.653	12.007	8.485	2.121
b95	26.653	14.129	9.238	3.464
b109	35.891	9.324	2.415	4.140
b197	38.306	9.324	13.304	4.435
b86	35.891	13.759	5.292	3.969
b72	41.182	13.759	10.328	3.873
b99	51.610	9.324	3.354	8.050
b129	54.964	9.324	14.697	4.899
b165	54.964	14.223	14.000	3.500
b111	21.948	17.727	3.000	3.000
b104	24.948	17.727	10.832	2.954
b159	35.780	17.727	10.661	2.908
b110	46.442	17.727	12.000	3.000
b68	58.442	17.727	10.000	3.000
b70	21.948	20.727	5.477	3.286
b40	21.948	24.014	5.228	7.842
b59	21.948	31.856	5.033	15.100
b98	21.948	46.956	2.236	6.708
b167	24.184	46.956	3.162	7.589
b112	21.948	54.545	5.477	5.477
b119	21.948	60.022	5.331	5.815
b39	21.948	65.838	5.477	8.216
b161	21.948	74.053	5.292	3.969
b88	21.948	78.022	5.354	8.031
b18	21.948	86.053	2.398	9.592
b195	24.346	86.053	2.828	11.314
b14	27.425	20.727	1.871	7.483
b130	29.296	20.727	7.692	9.230
b93	36.988	20.727	3.708	8.899
b2	40.696	20.727	5.454	9.350
b133	46.151	20.727	1.414	4.243
b90	47.565	20.727	8.832	4.416
b62	56.396	20.727	13.416	4.472
b135	46.151	25.199	7.303	2.739
b148	46.151	27.938	7.303	2.191
b20	53.453	25.199	6.633	4.975
b118	60.087	25.199	9.899	4.950
b63	27.425	30.174	8.718	2.179
b27	36.143	30.174	8.718	2.179
b94	27.425	32.354	3.000	3.000
b160	30.425	32.354	5.657	2.828
b28	27.425	35.354	5.612	11.225
b174	33.038	35.354	3.000	6.000
b77	33.038	41.354	2.858	4.899
b69	27.425	46.579	3.894	6.676
b164	31.320	46.579	4.546	6.819
b97	27.425	53.398	3.819	6.547
b141	31.244	53.398	4.822	6.429
b43	27.425	59.944	4.041	12.124
b191	31.467	59.944	4.320	12.961
b131	27.425	72.906	4.655	5.586
b7	32.080	72.906	3.969	5.292
b56	27.425	78.492	3.651	5.477
b105	27.425	83.969	3.428	13.711
b22	31.077	78.492	4.967	7.450
b84	31.077	85.941	4.873	11.696
b91	36.082	32.354	13.266	3.317
b73	49.349	32.354	7.638	3.273
b47	36.082	35.670	6.928	1.732
b36	43.010	35.670	6.928	1.732
b101	36.082	37.403	16.613	4.153
b67	52.695	37.403	14.583	3.977
b57	36.082	41.556	11.000	3.000
b103	47.082	41.556	12.166	3.041
b154	36.082	44.597	7.036	9.381
b100	43.118	44.597	2.449	9.798
b124	36.082	54.395	8.718	2.179
b3	36.082	56.575	3.594	8.626
b5	36.082	65.200	3.606	10.817
b58	36.082	76.017	3.416	8.198
b49	36.082	84.214	3.354	13.416
b30	39.688	56.575	2.380	7.141
b54	42.068	56.575	3.536	7.071
b123	39.688	63.716	3.571	4.761
b41	43.258	63.716	2.236	4.472
b0	39.688	68.477	5.916	3.550
b60	39.688	72.027	5.902	6.439
b44	39.688	78.465	5.657	2.828
b79	39.688	81.294	5.774	4.330
b42	39.688	85.624	2.739	10.954
b65	42.426	85.624	3.000	12.000
b85	45.604	44.597	16.000	4.000
b4	61.604	44.597	7.746	3.873
b26	45.604	48.597	11.402	3.421
b113	57.005	48.597	12.557	3.425
b128	45.604	52.022	3.266	9.798
b83	45.604	61.820	3.227	7.746
b168	45.604	69.566	2.872	11.489
b45	45.604	81.055	3.082	6.164
b38	45.604	87.219	3.215	9.644
b53	48.870	52.022	2.533	4.342
b35	51.403	52.022	4.243	4.243
b21	55.645	52.022	14.259	4.278
b96	48.870	56.364	8.944	4.472
b12	57.814	56.364	12.000	4.500
b17	48.870	60.864	11.136	2.784
b46	60.005	60.864	9.764	2.663
b52	48.870	63.648	5.196	6.928
b171	54.066	63.648	13.115	3.279
b9	54.066	66.927	14.967	3.742
b6	48.870	70.668	3.742	3.742
b11	52.611	70.668	4.899	3.674
b51	57.510	70.668	12.517	3.755
b10	48.870	74.423	11.015	4.721
b25	59.885	74.423	9.695	4.848
b32	48.870	79.271	3.354	8.050
b66	48.870	87.321	3.416	10.247
b1	52.285	79.271	3.000	9.000
b48	52.285	88.271	2.769	8.307
b16	55.285	79.271	7.416	2.023
b24	62.702	79.271	7.165	1.954
b37	55.285	81.294	6.928	1.732
b34	55.285	83.026	7.211	3.606
b64	55.285	86.631	7.348	11.023
b15	62.634	81.294	4.967	14.900
b55	67.600	81.294	2.345	9.381
