name	x	y	w	h
b49	0.000	0.000	5.362	21.448
b37	0.000	21.448	5.557	6.839
b45	0.000	28.286	5.477	5.477
b52	0.000	33.764	5.618	17.978
b22	0.000	51.741	5.374	12.282
b96	0.000	64.024	5.612	14.967
b15	5.618	0.000	4.717	18.868
b33	10.335	0.000	4.937	6.076
b67	10.335	6.076	5.012	13.367
b86	5.618	19.443	6.164	12.329
b61	11.782	19.443	3.354	5.963
b75	11.782	25.406	3.437	6.110
b5	5.618	31.772	7.185	8.211
b76	12.803	31.772	2.500	8.000
b20	5.618	39.983	2.500	10.000
b81	8.118	39.983	7.228	10.514
b11	5.618	50.497	5.274	16.876
b2	10.892	50.497	4.359	17.436
b48	5.618	67.933	5.250	12.000
b12	10.868	67.933	4.500	12.000
b55	15.368	0.000	5.831	11.662
b9	21.199	0.000	2.398	9.592
b44	15.368	11.662	8.284	14.727
b97	15.368	26.389	7.937	5.292
b57	15.368	31.681	8.124	4.062
b72	15.368	35.743	8.284	14.727
b90	15.368	50.470	8.155	4.660
b43	15.368	55.130	8.112	9.985
b29	15.368	65.114	3.742	14.967
b94	19.110	65.114	4.437	14.199
b59	23.652	0.000	6.164	12.329
b13	29.816	0.000	9.247	12.329
b63	39.063	0.000	3.750	12.000
b98	42.813	0.000	4.583	12.220
b30	47.396	0.000	4.796	4.796
b53	47.396	4.796	4.677	7.483
b31	52.192	0.000	2.958	11.832
b10	55.150	0.000	7.036	4.690
b79	62.185	0.000	19.287	4.822
b0	55.150	4.822	7.483	7.483
b93	62.633	4.822	18.547	4.637
b92	62.633	9.459	6.519	2.608
b80	69.152	9.459	10.954	2.739
b84	23.652	12.329	10.607	4.714
b21	23.652	17.043	7.306	16.699
b78	30.958	17.043	3.354	8.944
b56	30.958	25.987	3.182	8.485
b91	23.652	34.472	6.661	10.658
b74	30.314	34.472	3.969	10.583
b69	23.652	45.131	5.761	10.242
b62	29.413	45.131	4.796	9.592
b32	23.652	55.372	10.536	7.024
b14	23.652	62.396	5.449	17.436
b58	29.101	62.396	5.166	11.808
b6	29.101	74.204	5.037	5.757
b17	34.312	12.329	21.166	5.292
b1	55.478	12.329	19.462	5.190
b95	34.312	17.620	5.339	7.118
b40	39.651	17.620	4.039	7.180
b50	43.689	17.620	9.152	7.321
b38	52.841	17.620	6.847	7.303
b73	59.687	17.620	21.772	7.257
b26	34.312	24.942	7.937	10.583
b34	42.249	24.942	5.761	10.242
b39	48.010	24.942	7.890	10.520
b70	55.900	24.942	4.486	10.254
b83	60.386	24.942	1.936	7.746
b42	62.323	24.942	18.648	5.738
b64	62.323	30.679	19.079	4.770
b4	34.312	35.525	2.000	8.000
b35	36.312	35.525	5.123	8.198
b60	41.435	35.525	4.062	8.124
b85	45.497	35.525	1.732	6.928
b23	47.230	35.525	4.623	8.219
b89	51.853	35.525	4.802	8.537
b46	56.655	35.525	11.124	2.966
b71	56.655	38.491	11.045	5.523
b19	67.779	35.525	13.370	4.114
b41	67.779	39.638	13.304	4.435
b68	34.312	44.073	5.969	15.916
b8	34.312	59.989	6.175	19.759
b54	40.487	44.073	6.782	6.782
b65	40.487	50.855	7.106	14.213
b82	40.487	65.068	7.106	14.213
b3	47.593	44.073	6.000	12.000
b77	47.593	56.073	6.000	24.000
b87	53.593	44.073	14.534	4.472
b28	68.127	44.073	13.304	4.435
b18	53.593	48.545	12.639	5.617
b51	66.232	48.545	15.199	5.527
b7	53.593	54.163	6.423	5.138
b66	53.593	59.301	6.495	20.785
b27	60.088	54.163	7.000	4.000
b25	67.088	54.163	14.370	4.106
b88	60.088	58.268	6.614	5.292
b16	66.702	58.268	14.457	5.257
b24	60.088	63.560	4.198	11.195
b47	64.286	63.560	16.718	5.144
b36	64.286	68.704	16.666	6.060
b99	60.088	74.764	20.976	5.244
