name	x	y	w	h
b194	0.000	0.000	4.818	13.491
b127	0.000	13.491	5.210	3.647
b199	0.000	17.138	4.770	10.273
b197	0.000	27.411	5.234	11.273
b170	0.000	38.684	4.943	7.284
b177	0.000	45.967	2.449	9.798
b186	2.449	45.967	2.398	9.592
b188	0.000	55.765	2.958	11.832
b176	2.958	55.765	1.732	6.928
b111	2.958	62.694	2.044	4.403
b195	0.000	67.598	5.014	6.382
b162	0.000	73.979	1.803	7.211
b171	1.803	73.979	3.279	13.115
b117	5.234	0.000	5.657	5.657
b152	5.234	5.657	5.536	7.045
b123	5.234	12.702	5.619	3.026
b198	5.234	15.728	3.854	8.302
b184	9.088	15.728	1.871	7.483
b193	5.234	24.030	5.494	11.832
b196	5.234	35.862	5.732	4.012
b192	5.234	39.874	5.606	3.924
b168	5.234	43.799	2.872	11.489
b156	8.106	43.799	2.693	10.770
b175	5.234	55.288	5.278	2.842
b133	5.234	58.130	4.899	1.225
b130	5.234	59.354	5.741	12.366
b141	5.234	71.721	5.568	5.568
b191	5.234	77.288	5.657	9.899
b163	10.975	0.000	8.292	9.287
b189	10.975	9.287	7.901	2.911
b154	10.975	12.198	4.855	13.594
b190	15.830	12.198	3.354	13.416
b147	10.975	25.792	2.236	6.261
b187	13.211	25.792	2.605	7.294
b181	15.816	25.792	3.268	7.038
b120	10.975	33.085	4.036	5.947
b138	15.011	33.085	4.036	5.947
b174	10.975	39.033	8.018	2.245
b148	10.975	41.278	2.000	8.000
b165	12.975	41.278	6.205	7.897
b180	10.975	49.278	4.629	3.240
b169	10.975	52.518	4.621	9.954
b113	10.975	62.472	4.468	9.624
b144	15.604	49.278	3.474	7.483
b145	15.604	56.761	3.708	14.832
b158	10.975	72.095	2.464	6.899
b135	10.975	78.995	2.236	8.944
b164	13.439	72.095	3.794	8.171
b160	17.233	72.095	2.000	8.000
b132	13.439	80.267	2.803	7.849
b185	16.242	80.267	2.739	7.668
b172	19.312	0.000	10.583	2.646
b159	29.895	0.000	11.136	2.784
b105	19.312	2.784	9.343	5.031
b149	19.312	7.815	8.485	2.121
b183	28.655	2.784	8.864	2.482
b91	28.655	5.266	9.040	4.867
b143	37.695	2.784	16.971	4.243
b161	54.665	2.784	5.477	3.834
b119	60.143	2.784	7.588	4.086
b103	67.730	2.784	9.196	4.023
b94	37.695	7.027	3.000	3.000
b166	40.695	7.027	5.451	2.935
b63	46.146	7.027	6.590	2.883
b150	52.736	7.027	4.472	3.130
b114	57.208	7.027	8.561	3.154
b110	65.769	7.027	12.000	3.000
b77	19.312	10.180	6.164	2.271
b131	19.312	12.452	6.094	4.266
b81	19.312	16.718	5.732	4.012
b82	19.312	20.730	6.164	6.164
b116	19.312	26.895	6.164	9.084
b92	19.312	35.979	6.000	6.000
b182	19.312	41.979	3.873	3.873
b140	23.185	41.979	2.000	3.500
b104	19.312	45.852	3.854	8.302
b134	23.167	45.852	2.062	8.246
b62	19.312	54.154	5.855	10.247
b142	19.312	64.401	5.946	7.568
b41	19.312	71.969	5.976	1.673
b173	19.312	73.642	5.745	5.745
b121	19.312	79.387	5.940	8.754
b139	25.477	10.180	3.041	12.166
b99	28.518	10.180	4.280	6.308
b95	28.518	16.488	4.276	7.483
b179	32.799	10.180	9.710	6.797
b93	32.799	16.978	4.732	6.974
b98	37.531	16.978	4.629	3.240
b155	37.531	20.218	1.669	3.595
b178	39.200	20.218	3.273	3.666
b73	42.509	10.180	3.407	7.338
b167	42.509	17.518	3.703	6.481
b90	46.212	10.180	10.289	3.791
b125	46.212	13.971	8.485	2.121
b118	46.212	16.092	9.539	5.137
b34	46.212	21.229	10.198	2.550
b115	56.501	10.180	5.210	7.678
b102	56.501	17.858	5.510	6.171
b88	62.010	10.180	13.115	3.279
b9	62.010	13.459	14.967	3.742
b83	62.010	17.201	3.780	6.614
b13	65.790	17.201	11.958	6.439
b124	25.477	24.029	8.718	2.179
b157	34.195	24.029	8.485	2.121
b106	25.477	26.209	6.547	7.332
b60	32.023	26.209	5.078	7.483
b108	25.477	33.692	3.660	4.099
b128	29.137	33.692	7.709	4.151
b137	25.477	37.843	5.278	2.842
b153	30.755	37.843	6.414	2.806
b126	25.477	40.685	3.684	10.315
b64	29.161	40.685	7.978	10.153
b59	25.477	51.000	5.210	14.588
b101	30.687	51.000	6.279	10.989
b86	30.687	61.989	6.245	3.363
b66	25.477	65.588	11.180	3.130
b39	25.477	68.718	5.071	8.874
b71	25.477	77.592	4.866	10.481
b87	30.548	68.718	6.655	4.658
b122	30.548	73.376	3.391	13.565
b11	33.939	73.376	3.207	5.612
b58	33.939	78.989	3.162	8.854
b85	37.203	26.209	6.047	10.583
b65	37.203	36.792	6.000	6.000
b109	37.203	42.792	5.976	1.673
b61	37.203	44.465	4.309	9.282
b47	41.512	44.465	1.732	6.928
b35	37.203	53.747	2.535	7.099
b76	39.738	53.747	3.338	1.797
b74	39.738	55.544	3.295	5.766
b69	37.203	61.310	2.550	10.198
b136	39.752	61.310	3.396	5.005
b45	39.752	66.316	3.295	5.766
b151	37.203	72.082	6.047	2.646
b129	37.203	74.728	5.782	12.453
b26	43.250	26.209	12.490	3.122
b40	55.740	26.209	12.806	3.202
b56	43.250	29.410	3.047	6.563
b48	43.250	35.973	2.866	8.025
b33	43.250	43.998	2.928	8.198
b146	43.250	52.196	3.162	12.649
b100	43.250	64.845	2.928	8.198
b72	43.250	73.043	3.162	12.649
b1	46.412	29.410	6.211	4.347
b44	52.623	29.410	3.546	4.513
b15	56.168	29.410	17.205	4.301
b27	73.373	29.410	4.359	4.359
b107	46.412	33.923	6.949	3.742
b31	53.361	33.923	5.606	3.924
b55	58.967	33.923	5.606	3.924
b50	64.573	33.923	12.536	3.989
b14	46.412	37.911	2.550	5.491
b32	48.962	37.911	4.910	5.499
b84	53.872	37.911	10.289	5.540
b112	64.160	37.911	5.477	5.477
b49	69.638	37.911	8.018	5.612
b70	46.412	43.524	5.071	3.550
b5	51.483	43.524	10.289	3.791
b67	61.772	43.524	15.232	3.808
b57	46.412	47.332	5.092	6.481
b38	51.504	47.332	4.935	6.281
b54	46.412	53.812	7.559	3.307
b80	53.972	53.812	2.330	3.434
b24	46.412	57.246	1.871	7.483
b0	48.283	57.246	8.124	2.585
b51	48.283	59.831	8.194	5.736
b22	46.412	65.567	10.021	3.692
b79	46.412	69.259	10.000	2.500
b28	46.412	71.759	3.969	15.875
b36	50.381	71.759	3.464	3.464
b25	50.381	75.223	4.097	11.472
b89	54.478	71.759	1.936	7.746
b29	54.478	79.505	2.000	8.000
b23	56.478	47.332	10.637	3.384
b52	67.115	47.332	10.637	3.384
b7	56.478	50.716	9.165	2.291
b75	65.643	50.716	9.592	2.398
b68	56.478	53.114	10.351	2.898
b4	66.829	53.114	10.351	2.898
b30	56.478	56.012	7.309	2.326
b16	63.787	56.012	6.381	2.351
b8	70.168	56.012	7.521	2.393
b43	56.478	58.406	9.539	5.137
b17	66.017	58.406	11.136	2.784
b97	66.017	61.189	10.000	2.500
b21	56.478	63.689	6.434	9.481
b78	56.478	73.171	6.325	6.325
b10	56.478	79.495	6.392	8.135
b19	62.912	63.689	2.970	4.377
b2	65.882	63.689	11.766	4.335
b37	62.912	68.066	2.070	5.797
b20	64.982	68.066	11.489	2.872
b96	64.982	70.939	12.649	3.162
b6	62.912	74.101	5.657	2.475
b18	68.569	74.101	9.063	2.538
b3	62.912	76.639	7.588	4.086
b46	70.499	76.639	6.949	3.742
b53	62.912	80.724	2.507	4.387
b12	65.419	80.724	12.107	4.460
b42	62.912	85.185	10.954	2.739
