name	x	y	w	h
b77	0.000	0.000	24.000	6.000
b82	24.000	0.000	17.407	5.802
b99	41.407	0.000	19.149	5.745
b17	0.000	6.000	5.292	21.166
b91	0.000	27.166	5.439	13.054
b24	0.000	40.220	5.236	8.976
b95	0.000	49.196	5.339	7.118
b32	0.000	56.314	4.967	14.900
b96	0.000	71.214	5.292	15.875
b43	0.000	87.088	5.196	15.588
b78	5.439	6.000	7.071	4.243
b15	5.439	10.243	7.205	12.352
b38	5.439	22.595	7.071	7.071
b20	5.439	29.666	7.071	3.536
b61	5.439	33.201	7.303	2.739
b67	5.439	35.940	7.472	8.967
b94	5.439	44.906	7.599	8.290
b59	5.439	53.197	7.550	10.066
b81	5.439	63.263	7.550	10.066
b39	5.439	73.330	7.439	11.158
b9	5.439	84.487	7.326	3.140
b13	5.439	87.627	7.550	15.100
b51	13.038	6.000	7.937	10.583
b33	13.038	16.583	7.746	3.873
b62	13.038	20.456	7.832	5.874
b46	20.976	6.000	3.317	9.950
b88	20.976	15.950	3.416	10.247
b1	24.391	6.000	14.213	7.106
b6	38.604	6.000	4.113	7.051
b72	24.391	13.106	9.566	12.754
b60	33.957	13.106	8.775	3.761
b26	33.957	16.867	8.775	9.573
b28	42.732	6.000	4.958	11.900
b31	42.732	17.900	4.830	7.246
b73	47.690	6.000	16.228	9.737
b44	47.690	15.737	15.620	7.810
b85	47.690	23.547	4.472	2.683
b40	52.162	23.547	10.770	2.693
b68	13.038	26.440	14.888	6.381
b35	27.927	26.440	6.205	6.769
b90	34.132	26.440	5.627	6.753
b71	39.759	26.440	9.018	6.764
b37	48.778	26.440	12.329	3.082
b19	48.778	29.522	14.832	3.708
b86	13.038	33.230	15.100	5.033
b53	13.038	38.263	10.247	3.416
b83	23.285	38.263	4.472	3.354
b97	28.138	33.230	11.832	3.550
b34	28.138	36.780	11.733	5.028
b27	39.970	33.230	7.483	3.742
b98	47.454	33.230	14.967	3.742
b0	39.970	36.972	11.431	4.899
b5	51.401	36.972	12.543	4.704
b14	13.038	41.871	14.888	6.381
b57	13.038	48.251	9.950	3.317
b4	22.988	48.251	5.164	3.098
b2	13.038	51.568	10.066	7.550
b23	23.105	51.568	5.033	7.550
b21	13.038	59.118	12.754	9.566
b30	25.792	59.118	2.398	9.592
b7	13.038	68.710	9.950	3.317
b66	13.038	72.026	10.062	13.416
b18	13.038	85.443	4.213	16.852
b65	17.251	85.443	5.802	17.407
b92	23.101	68.710	4.761	3.571
b12	23.101	72.280	4.743	11.384
b11	23.101	83.664	4.717	18.868
b93	28.190	41.871	8.879	9.686
b84	37.069	41.871	9.129	5.477
b36	46.198	41.871	17.407	5.802
b45	37.069	47.673	8.367	3.586
b41	45.436	47.673	15.362	3.841
b29	28.190	51.557	14.967	3.742
b76	43.157	51.557	5.164	3.873
b25	48.321	51.557	15.362	3.841
b3	28.190	55.430	15.492	4.648
b58	28.190	60.077	15.620	3.905
b56	43.811	55.430	3.354	8.050
b16	47.165	55.430	16.693	4.553
b87	47.165	59.982	16.125	4.031
b8	28.190	64.013	5.523	22.091
b79	28.190	86.104	5.568	16.703
b47	33.758	64.013	18.547	4.637
b63	52.305	64.013	10.247	4.392
b70	33.758	68.650	5.180	8.880
b50	33.758	77.530	5.284	12.681
b22	33.758	90.211	5.244	12.586
b52	39.042	68.650	5.802	17.407
b64	39.042	86.057	5.508	16.523
b80	44.844	68.650	10.954	2.739
b75	55.799	68.650	7.937	2.646
b10	44.844	71.389	8.124	4.062
b54	52.968	71.389	10.360	4.440
b55	44.844	75.829	6.733	10.100
b49	51.577	75.829	12.383	9.287
b42	44.844	85.928	18.886	5.666
b74	44.844	91.594	3.742	11.225
b69	48.586	91.594	15.362	3.841
b89	48.586	95.435	12.806	3.202
b48	48.586	98.636	15.199	4.145
