name	x	y	w	h
b299	0.000	0.000	4.000	1.000
b294	0.000	1.000	5.244	2.098
b252	5.244	1.000	5.701	2.280
b282	10.945	1.000	11.136	2.784
b275	22.080	1.000	6.124	2.449
b278	28.204	1.000	5.701	2.280
b277	33.905	1.000	5.701	2.280
b222	39.606	1.000	7.071	2.828
b297	46.677	1.000	10.392	2.598
b267	57.069	1.000	11.136	2.784
b286	68.205	1.000	11.662	2.915
b263	0.000	3.915	14.142	3.536
b254	14.142	3.915	5.657	1.414
b292	14.142	5.330	9.381	2.345
b219	23.523	3.915	3.464	3.464
b251	26.987	3.915	9.220	3.688
b298	36.207	3.915	8.803	3.521
b271	45.010	3.915	7.746	3.098
b228	52.756	3.915	2.500	4.000
b258	55.256	3.915	9.354	3.742
b269	64.610	3.915	4.000	4.000
b279	68.610	3.915	9.874	3.950
b295	78.484	3.915	3.606	3.606
b274	0.000	7.915	4.000	4.000
b281	0.000	11.915	5.701	2.280
b217	5.701	7.915	7.416	2.966
b262	5.701	10.882	8.660	3.464
b287	14.361	7.915	7.246	2.898
b296	14.361	10.814	3.162	3.162
b261	17.523	10.814	3.606	3.606
b225	21.607	7.915	10.124	4.050
b264	21.607	11.965	9.798	2.449
b255	31.731	7.915	10.247	4.099
b288	31.731	12.014	9.798	2.449
b290	41.978	7.915	3.162	3.162
b195	41.978	11.078	3.162	3.162
b284	45.140	7.915	3.062	4.899
b253	45.140	12.814	3.536	1.414
b223	48.676	7.915	3.162	3.162
b231	48.676	11.078	3.317	3.317
b280	51.992	7.915	8.000	2.000
b266	51.992	9.915	11.180	4.472
b289	63.173	7.915	5.292	5.292
b248	68.464	7.915	11.136	2.784
b242	68.464	10.699	7.246	2.898
b265	75.710	10.699	8.000	2.000
b244	75.710	12.699	6.633	1.658
b202	0.000	14.464	2.784	11.136
b285	0.000	25.599	3.162	3.162
b226	0.000	28.762	3.062	4.899
b293	0.000	33.661	2.179	8.718
b206	0.000	42.378	2.915	11.662
b276	0.000	54.040	3.162	3.162
b272	0.000	57.203	2.236	8.944
b283	0.000	66.147	2.236	2.236
b260	0.000	68.383	2.449	2.449
b291	0.000	70.832	2.646	10.583
b249	0.000	81.415	2.345	9.381
b227	3.162	14.464	1.581	6.325
b203	3.162	20.788	1.581	6.325
b234	4.743	14.464	1.871	7.483
b268	6.614	14.464	1.803	7.211
b188	8.417	14.464	4.610	7.376
b247	13.027	14.464	4.541	7.266
b273	17.568	14.464	1.936	7.746
b243	19.505	14.464	4.257	6.812
b199	23.762	14.464	4.031	6.450
b191	27.793	14.464	1.803	7.211
b170	29.596	14.464	5.477	5.477
b214	29.596	19.941	5.244	2.098
b205	35.073	14.464	2.828	2.828
b218	35.073	17.292	3.062	4.899
b246	38.135	14.464	7.746	3.098
b213	38.135	17.562	6.633	1.658
b224	38.135	19.220	7.416	2.966
b256	45.881	14.464	4.183	1.673
b230	45.881	16.137	3.791	6.066
b237	50.064	14.464	4.472	4.472
b240	50.064	18.936	3.162	3.162
b200	54.537	14.464	4.809	7.694
b209	59.345	14.464	12.329	3.082
b179	71.674	14.464	12.000	3.000
b212	59.345	17.546	4.583	4.583
b257	63.928	17.546	2.850	4.561
b201	66.778	17.546	8.485	2.121
b193	75.264	17.546	7.211	1.803
b259	66.778	19.667	4.472	1.789
b236	71.251	19.667	10.000	2.500
b178	4.743	22.210	2.236	3.578
b181	6.979	22.210	7.071	2.828
b208	14.051	22.210	3.606	3.606
b235	17.656	22.210	7.746	3.098
b183	25.402	22.210	8.660	3.464
b232	34.062	22.210	7.583	3.033
b215	41.645	22.210	3.742	3.742
b221	45.387	22.210	3.742	3.742
b171	49.129	22.210	7.246	2.898
b197	56.374	22.210	7.746	3.098
b194	64.120	22.210	2.372	3.795
b186	66.492	22.210	7.746	3.098
b238	74.238	22.210	10.000	2.500
b233	74.238	24.710	4.472	1.118
b250	4.743	26.004	3.953	6.325
b185	4.743	32.329	4.583	4.583
b239	4.743	36.912	4.583	4.583
b245	4.743	41.494	4.472	4.472
b241	4.743	45.966	4.472	1.789
b210	4.743	47.755	4.472	1.789
b182	4.743	49.544	3.953	6.325
b204	4.743	55.869	4.402	7.043
b172	4.743	62.911	1.500	6.000
b198	4.743	68.911	2.291	9.165
b216	7.035	62.911	2.179	8.718
b169	7.035	71.629	2.345	9.381
b162	9.380	26.004	5.701	2.280
b176	9.380	28.285	5.385	5.385
b157	9.380	33.670	5.477	2.191
b125	9.380	35.861	5.303	8.485
b196	9.380	44.346	6.245	6.245
b211	9.380	50.591	1.118	4.472
b156	9.380	55.063	1.658	6.633
b192	11.038	50.591	4.472	7.155
b159	11.038	57.747	4.541	7.266
b174	9.380	65.013	6.325	2.530
b141	9.380	67.543	2.236	8.944
b220	9.380	76.487	2.550	10.198
b207	11.929	67.543	3.708	5.933
b190	11.929	73.476	3.791	6.066
b139	11.929	79.542	2.784	11.136
b158	15.721	26.004	2.092	3.347
b155	17.813	26.004	5.657	1.414
b189	17.813	27.419	7.211	1.803
b104	25.024	26.004	7.483	1.871
b270	25.024	27.875	5.657	1.414
b130	32.507	26.004	6.708	2.683
b135	39.215	26.004	6.325	2.530
b124	45.540	26.004	7.906	3.162
b229	53.445	26.004	8.216	3.286
b167	61.661	26.004	8.803	3.521
b92	70.465	26.004	14.000	3.500
b77	15.721	29.526	3.260	5.215
b177	18.980	29.526	5.916	5.916
b146	24.897	29.526	6.083	6.083
b154	30.979	29.526	1.500	6.000
b88	32.479	29.526	5.477	5.477
b173	37.957	29.526	3.446	5.514
b147	41.403	29.526	8.515	3.406
b166	49.917	29.526	8.367	3.347
b161	58.284	29.526	14.142	3.536
b142	41.403	33.061	9.592	2.398
b90	50.994	33.061	10.198	2.550
b132	61.192	33.061	8.246	2.062
b149	69.438	33.061	9.798	2.449
b160	79.236	33.061	5.000	2.000
b93	15.721	35.611	2.622	4.195
b129	18.343	35.611	8.485	2.121
b99	26.828	35.611	8.000	2.000
b78	18.343	37.732	8.000	2.000
b112	26.343	37.732	8.485	2.121
b151	34.828	35.611	4.243	4.243
b144	39.071	35.611	2.958	4.733
b165	42.029	35.611	3.000	3.000
b187	45.029	35.611	11.314	2.828
b152	42.029	38.611	4.183	1.673
b107	46.212	38.611	6.633	1.658
b175	52.845	38.611	3.873	1.549
b117	56.718	35.611	4.359	4.359
b95	61.077	35.611	9.747	3.899
b126	70.824	35.611	2.092	3.347
b119	72.916	35.611	10.770	2.693
b150	72.916	38.303	8.246	2.062
b133	15.721	40.365	1.936	7.746
b136	15.721	48.111	1.658	6.633
b127	17.657	40.365	10.000	2.500
b120	17.657	42.865	10.954	2.739
b123	17.657	45.604	8.718	2.179
b121	28.612	40.365	8.660	3.464
b184	28.612	43.829	8.216	3.286
b131	37.272	40.365	14.142	3.536
b110	37.272	43.901	9.747	3.899
b116	47.019	43.901	3.606	3.606
b85	51.414	40.365	4.610	7.376
b103	56.024	40.365	4.108	6.573
b138	60.132	40.365	4.108	6.573
b164	64.240	40.365	4.610	7.376
b163	68.850	40.365	8.246	2.062
b137	68.850	42.427	2.958	4.733
b180	71.808	42.427	8.485	2.121
b62	71.808	44.548	12.329	3.082
b102	17.657	47.799	5.745	5.745
b134	23.402	47.799	12.166	3.041
b86	23.402	50.841	12.649	3.162
b53	36.051	47.799	2.500	4.000
b39	36.051	51.799	2.000	2.000
b148	38.551	47.799	2.372	3.795
b98	40.923	47.799	3.317	3.317
b143	38.551	51.594	5.916	2.366
b128	44.467	47.799	8.515	3.406
b115	44.467	51.205	8.485	2.121
b54	52.982	47.799	3.873	6.197
b145	56.855	47.799	2.958	4.733
b97	59.813	47.799	2.958	4.733
b47	62.771	47.799	12.490	3.122
b71	62.771	50.922	10.000	2.500
b168	75.261	47.799	7.583	3.033
b111	75.261	50.832	5.292	1.323
b140	75.261	52.155	6.928	1.732
b63	17.657	54.003	3.082	12.329
b84	17.657	66.332	2.739	10.954
b100	17.657	77.286	3.391	13.565
b118	21.049	54.003	4.937	7.899
b80	21.049	61.902	3.606	3.606
b69	21.049	65.508	4.796	4.796
b59	21.049	70.304	5.062	8.099
b83	21.049	78.403	2.958	11.832
b28	24.007	78.403	2.092	3.347
b122	24.007	81.750	2.236	8.944
b113	26.243	54.003	3.536	5.657
b65	29.778	54.003	1.323	5.292
b50	26.243	59.660	1.323	5.292
b29	27.565	59.660	3.536	5.657
b45	26.243	65.317	1.871	7.483
b36	28.113	65.317	3.446	5.514
b44	26.243	72.800	3.873	3.873
b106	26.243	76.673	1.581	6.325
b87	27.824	76.673	3.536	14.142
b1	31.559	54.003	6.325	1.581
b81	31.559	55.584	6.633	1.658
b73	31.559	57.242	5.701	2.280
b114	31.559	59.523	5.916	5.916
b66	31.559	65.439	6.633	6.633
b96	31.559	72.072	5.916	5.916
b89	31.559	77.988	4.472	4.472
b46	36.032	77.988	1.936	3.098
b153	31.559	82.460	4.257	6.812
b94	35.817	82.460	1.871	7.483
b56	38.193	54.003	9.083	3.633
b101	47.276	54.003	7.906	3.162
b42	55.181	54.003	8.216	3.286
b109	63.397	54.003	13.416	3.354
b91	76.814	54.003	7.246	2.898
b43	38.193	57.636	2.179	8.718
b72	38.193	66.354	1.658	6.633
b19	38.193	72.987	2.179	8.718
b70	38.193	81.705	2.062	8.246
b108	40.372	57.636	2.872	11.489
b58	40.372	69.125	3.062	4.899
b105	40.372	74.024	2.598	10.392
b52	40.372	84.416	3.162	5.060
b74	43.534	57.636	2.915	11.662
b17	43.534	69.298	2.958	11.832
b40	43.534	81.130	2.291	9.165
b41	46.492	57.636	6.325	2.530
b24	46.492	60.166	3.162	3.162
b67	49.655	60.166	3.317	3.317
b34	46.492	63.483	5.657	1.414
b4	46.492	64.897	6.481	6.481
b6	46.492	71.377	4.899	4.899
b37	51.391	71.377	1.414	5.657
b82	46.492	77.034	2.345	9.381
b15	48.838	77.034	3.464	3.464
b55	48.838	80.498	2.179	8.718
b30	51.017	80.498	1.803	7.211
b35	52.973	57.636	1.414	5.657
b14	54.387	57.636	3.708	5.933
b23	58.096	57.636	3.162	5.060
b79	61.258	57.636	4.796	4.796
b48	66.054	57.636	3.708	5.933
b32	69.762	57.636	6.325	1.581
b57	69.762	59.217	14.422	3.606
b51	52.973	63.569	1.936	3.098
b3	52.973	66.667	2.345	9.381
b26	52.973	76.048	1.732	6.928
b64	52.973	82.976	1.732	6.928
b68	55.318	63.569	2.693	10.770
b13	55.318	74.339	3.041	12.166
b7	58.360	63.569	4.899	4.899
b61	58.360	68.468	5.657	5.657
b12	58.360	74.125	2.828	2.828
b33	58.360	76.953	3.464	13.856
b11	61.824	74.125	2.398	9.592
b5	61.824	83.717	1.581	6.325
b60	64.222	63.569	7.746	1.936
b75	71.968	63.569	8.246	2.062
b31	64.222	65.631	2.598	10.392
b22	64.222	76.023	2.449	9.798
b10	66.820	65.631	6.633	1.658
b25	66.820	67.289	8.515	3.406
b0	66.820	70.695	6.325	1.581
b76	75.335	65.631	9.083	3.633
b9	75.335	69.264	8.062	3.225
b2	66.820	72.489	2.958	4.733
b21	66.820	77.222	2.693	10.770
b18	69.778	72.489	13.266	3.317
b20	69.778	75.805	1.225	4.899
b27	71.003	75.805	2.958	11.832
b49	73.961	75.805	10.392	2.598
b8	73.961	78.403	8.485	2.121
b16	73.961	80.525	6.633	6.633
b38	69.778	87.637	6.325	1.581
