name	x	y	w	h
b199	0.000	0.000	9.260	5.292
b177	0.000	5.292	9.798	2.449
b143	0.000	7.741	8.485	8.485
b193	0.000	16.226	5.333	12.189
b190	5.333	16.226	5.303	8.485
b183	5.333	24.712	4.690	4.690
b192	0.000	29.402	4.228	5.204
b159	4.228	29.402	5.568	5.568
b130	0.000	34.970	7.595	9.348
b196	7.595	34.970	2.398	9.592
b173	0.000	44.561	3.800	8.685
b181	3.800	44.561	3.172	7.251
b160	6.972	44.561	3.606	4.438
b184	6.972	48.999	3.373	4.151
b121	0.000	53.246	6.500	8.000
b180	6.500	53.246	1.936	7.746
b150	8.436	53.246	1.871	7.483
b191	0.000	61.246	6.745	8.302
b198	6.745	61.246	3.742	8.552
b194	0.000	69.799	4.031	16.125
b163	4.031	69.799	4.387	17.550
b185	8.419	69.799	2.291	9.165
b148	8.419	78.964	2.000	8.000
b167	10.710	0.000	9.798	2.449
b120	20.508	0.000	9.798	2.449
b188	10.710	2.449	5.916	5.916
b176	10.710	8.366	3.122	3.843
b182	13.832	8.366	3.873	3.873
b136	10.710	12.239	2.062	8.246
b197	12.771	12.239	5.081	11.613
b189	10.710	23.851	3.172	7.251
b186	13.882	23.851	3.172	7.251
b187	10.710	31.102	2.179	8.718
b116	12.889	31.102	4.950	11.314
b158	10.710	42.416	2.727	6.234
b164	13.437	42.416	4.402	7.043
b151	10.710	49.458	2.000	8.000
b126	12.710	49.458	4.873	7.797
b145	10.710	57.458	3.708	14.832
b171	14.418	57.458	3.279	13.115
b161	10.710	72.291	6.062	3.464
b169	10.710	75.755	3.391	13.565
b111	14.101	75.755	3.000	3.000
b119	14.101	78.755	3.683	8.418
b170	17.852	2.449	10.817	3.328
b122	28.669	2.449	13.565	3.391
b178	42.233	2.449	3.464	3.464
b165	45.697	2.449	14.000	3.500
b172	59.697	2.449	8.367	3.347
b70	17.852	5.949	5.612	3.207
b153	23.465	5.949	5.612	3.207
b128	29.077	5.949	10.198	3.138
b117	39.275	5.949	10.198	3.138
b107	49.473	5.949	8.062	3.225
b195	57.535	5.949	10.198	3.138
b113	67.733	5.949	13.115	3.279
b123	17.852	9.228	8.246	2.062
b135	26.098	9.228	8.944	2.236
b90	17.852	11.464	3.122	12.490
b104	17.852	23.954	2.828	11.314
b162	17.852	35.268	3.250	4.000
b91	17.852	39.268	3.317	13.266
b140	21.169	11.464	1.323	5.292
b155	22.492	11.464	1.225	4.899
b166	21.169	16.756	2.000	8.000
b98	21.169	24.756	1.936	7.746
b175	21.169	32.502	1.936	7.746
b132	21.169	40.248	2.345	9.381
b179	17.852	52.534	5.374	12.282
b174	17.852	64.817	5.612	3.207
b156	17.852	68.024	2.693	10.770
b115	20.545	68.024	3.162	12.649
b157	23.716	11.464	2.806	6.414
b147	26.523	11.464	5.916	2.366
b168	26.523	13.831	5.745	5.745
b146	32.439	11.464	5.000	8.000
b137	37.439	11.464	3.873	3.873
b134	37.439	15.337	4.123	4.123
b85	41.562	11.464	14.422	4.438
b50	41.562	15.902	14.142	3.536
b97	55.984	11.464	3.307	7.559
b127	59.291	11.464	5.766	3.295
b81	59.291	14.759	4.796	4.796
b92	65.057	11.464	7.937	4.536
b110	72.995	11.464	7.937	4.536
b149	65.057	16.000	5.612	3.207
b152	70.670	16.000	11.258	3.464
b144	23.716	19.575	8.062	3.225
b53	23.716	22.800	6.633	1.658
b33	23.716	24.458	7.746	3.098
b60	23.716	27.557	8.155	4.660
b106	23.716	32.217	6.928	6.928
b124	23.716	39.145	8.718	2.179
b133	23.716	41.324	3.240	1.852
b141	23.716	43.176	3.683	8.418
b36	23.716	51.594	3.464	3.464
b142	23.716	55.058	3.354	13.416
b47	27.399	41.324	4.583	2.619
b102	27.399	43.943	4.610	7.376
b138	27.399	51.319	4.899	4.899
b67	27.399	56.218	5.037	11.514
b114	23.716	68.474	8.216	3.286
b101	23.716	71.761	4.153	16.613
b59	27.870	71.761	4.359	17.436
b139	32.436	19.575	4.809	7.694
b94	37.245	19.575	1.500	6.000
b73	32.436	27.269	3.953	6.325
b108	36.389	27.269	2.562	5.855
b131	32.436	33.594	5.099	5.099
b76	37.535	33.594	1.225	4.899
b82	32.436	38.693	3.082	12.329
b109	32.436	51.022	2.850	3.508
b34	35.519	38.693	3.373	7.709
b48	35.519	46.402	3.172	7.251
b95	32.436	54.530	3.742	8.552
b112	36.178	54.530	2.739	10.954
b84	32.436	65.485	5.969	9.550
b43	32.436	75.034	3.500	14.000
b52	35.936	75.034	3.000	12.000
b80	38.951	19.575	1.871	4.276
b61	40.822	19.575	10.000	4.000
b62	50.822	19.575	13.964	4.297
b41	64.786	19.575	2.500	4.000
b154	67.286	19.575	14.646	4.506
b75	38.951	24.082	3.791	6.066
b57	42.742	24.082	5.178	6.373
b88	47.920	24.082	13.115	3.279
b40	47.920	27.360	12.806	3.202
b129	61.035	24.082	11.225	6.414
b99	72.260	24.082	9.367	2.882
b87	72.260	26.964	8.803	3.521
b74	38.951	30.562	8.718	2.179
b125	47.669	30.562	8.485	2.121
b105	38.951	32.741	5.420	8.672
b21	38.951	41.413	5.166	11.808
b63	38.951	53.221	5.766	3.295
b100	38.951	56.516	4.899	4.899
b5	38.951	61.415	5.629	6.928
b38	38.951	68.343	5.568	5.568
b19	38.951	73.911	5.701	2.280
b22	38.951	76.191	5.483	6.748
b103	38.951	82.940	5.483	6.748
b24	44.717	32.741	2.475	5.657
b11	47.192	32.741	3.354	5.367
b68	50.546	32.741	5.477	5.477
b64	56.023	32.741	14.230	5.692
b93	70.254	32.741	11.489	2.872
b58	70.254	35.614	10.583	2.646
b118	44.717	38.434	14.000	3.500
b39	58.717	38.434	13.416	3.354
b4	44.717	41.934	9.874	3.038
b0	44.717	44.972	9.165	2.291
b96	44.717	47.263	10.000	4.000
b28	44.717	51.263	10.500	6.000
b71	44.717	57.263	9.447	5.398
b72	44.717	62.661	10.000	4.000
b31	44.717	66.661	9.381	2.345
b15	44.717	69.007	4.301	17.205
b56	49.018	69.007	5.916	3.381
b1	49.018	72.387	3.437	7.856
b83	49.018	80.243	3.307	7.559
b16	52.455	72.387	2.562	5.855
b46	52.455	78.243	2.550	10.198
b26	55.217	41.934	11.258	3.464
b10	66.476	41.934	14.422	3.606
b79	55.217	45.539	10.000	2.500
b18	65.217	45.539	9.592	2.398
b55	55.217	48.039	3.708	5.933
b44	55.217	53.972	3.606	4.438
b54	55.217	58.410	3.307	7.559
b7	55.217	65.969	3.623	5.797
b6	55.217	71.765	3.373	4.151
b51	55.217	75.916	3.428	13.711
b35	58.925	48.039	4.243	4.243
b65	63.168	48.039	7.937	4.536
b32	71.105	48.039	10.392	2.598
b29	71.105	50.637	8.000	2.000
b17	58.925	52.637	11.136	2.784
b77	70.061	52.637	5.916	2.366
b69	58.925	55.421	8.062	3.225
b12	66.988	55.421	14.697	3.674
b30	58.925	59.095	5.454	3.117
b49	64.380	59.095	13.416	3.354
b3	58.925	62.449	8.803	3.521
b25	67.729	62.449	13.711	3.428
b78	58.925	65.971	12.649	3.162
b20	71.574	65.971	10.356	3.187
b86	58.925	69.157	2.291	9.165
b42	58.925	78.322	2.739	10.954
b23	61.664	69.157	12.000	3.000
b89	73.664	69.157	5.123	2.928
b14	61.664	72.157	3.742	3.742
b9	65.406	72.157	14.967	3.742
b66	61.664	75.899	2.958	11.832
b45	64.622	75.899	2.179	8.718
b8	66.801	75.899	6.708	2.683
b27	73.510	75.899	7.858	2.418
b37	66.801	78.582	6.928	1.732
b2	66.801	80.314	14.283	3.571
b13	66.801	83.885	13.874	5.550
