name	x	y	w	h
b176	0.000	0.000	6.928	1.732
b170	0.000	1.732	6.000	6.000
b193	6.000	1.732	12.748	5.099
b144	18.748	1.732	5.099	5.099
b184	23.847	1.732	2.958	4.733
b159	26.805	1.732	5.568	5.568
b196	32.372	1.732	3.791	6.066
b191	36.164	1.732	11.832	4.733
b145	47.996	1.732	14.832	3.708
b158	47.996	5.440	8.246	2.062
b180	56.242	5.440	6.124	2.449
b195	62.828	1.732	5.657	5.657
b194	68.485	1.732	16.125	4.031
b133	68.485	5.763	3.873	1.549
b175	72.358	5.763	7.746	1.936
b152	0.000	7.890	3.122	12.490
b164	0.000	20.380	2.784	11.136
b132	0.000	31.515	2.345	9.381
b183	0.000	40.896	2.345	9.381
b178	0.000	50.277	2.739	4.382
b189	0.000	54.659	2.398	9.592
b198	0.000	64.250	2.828	11.314
b172	3.122	7.890	8.367	3.347
b182	11.489	7.890	3.873	3.873
b199	15.362	7.890	11.068	4.427
b123	26.430	7.890	4.123	4.123
b169	30.553	7.890	10.724	4.290
b130	41.277	7.890	16.852	4.213
b168	58.129	7.890	9.083	3.633
b163	67.212	7.890	17.550	4.387
b177	3.122	12.317	4.899	4.899
b166	3.122	17.216	6.325	2.530
b153	3.122	19.746	6.708	2.683
b139	3.122	22.429	6.083	6.083
b190	3.122	28.512	6.708	6.708
b187	3.122	35.220	6.892	2.757
b185	3.122	37.977	7.246	2.898
b192	3.122	40.875	7.416	2.966
b188	3.122	43.841	5.916	5.916
b146	3.122	49.758	6.325	6.325
b173	3.122	56.082	5.745	5.745
b126	3.122	61.827	3.082	12.329
b167	6.205	61.827	3.873	6.197
b138	6.205	68.023	3.873	6.197
b161	3.122	74.220	7.246	2.898
b117	3.122	77.118	2.828	11.314
b179	5.951	77.118	4.062	16.248
b143	10.539	12.317	8.485	8.485
b103	19.024	12.317	12.166	3.041
b197	19.024	15.358	12.145	4.858
b101	31.190	12.317	13.134	5.254
b171	31.190	17.570	13.115	3.279
b118	44.323	12.317	11.068	4.427
b156	44.323	16.744	10.770	2.693
b162	55.391	12.317	1.803	7.211
b165	57.194	12.317	11.068	4.427
b106	68.262	12.317	10.954	4.382
b147	57.194	16.744	3.742	3.742
b150	60.936	16.744	3.742	3.742
b160	64.677	16.744	4.000	4.000
b142	68.677	16.744	13.416	3.354
b148	10.539	20.849	6.325	2.530
b128	10.539	23.379	2.828	11.314
b135	13.367	23.379	3.536	5.657
b186	13.367	29.036	3.791	6.066
b136	10.539	35.102	3.260	5.215
b181	13.798	35.102	3.791	6.066
b131	10.539	41.168	2.550	10.198
b141	13.088	41.168	4.402	7.043
b151	13.088	48.211	4.000	4.000
b174	10.539	52.211	3.354	5.367
b134	13.893	52.211	3.260	5.215
b115	10.539	57.578	3.162	12.649
b121	13.701	57.578	3.606	14.422
b93	10.539	72.000	2.872	11.489
b125	13.411	72.000	4.243	4.243
b129	13.411	76.243	4.243	16.971
b65	17.654	20.849	9.487	3.795
b154	27.140	20.849	16.248	4.062
b137	43.389	20.849	3.873	3.873
b99	47.262	20.849	8.216	3.286
b124	55.477	20.849	6.892	2.757
b109	62.369	20.849	6.325	1.581
b83	62.369	22.430	10.000	2.500
b157	17.654	24.930	3.354	5.367
b155	21.008	24.930	1.225	4.899
b86	22.232	24.930	4.583	4.583
b122	26.815	24.930	10.724	4.290
b127	37.539	24.930	3.446	5.514
b120	40.985	24.930	4.899	4.899
b119	45.884	24.930	11.136	2.784
b112	45.884	27.714	10.954	2.739
b111	57.019	24.930	2.372	3.795
b104	59.391	24.930	5.657	5.657
b100	65.048	24.930	4.899	4.899
b116	69.947	24.930	11.832	4.733
b140	17.654	30.587	5.292	1.323
b53	17.654	31.910	5.244	2.098
b108	17.654	34.008	3.873	3.873
b75	17.654	37.881	4.796	4.796
b81	17.654	42.676	4.796	4.796
b87	17.654	47.472	5.568	5.568
b114	17.654	53.040	5.196	5.196
b71	17.654	58.236	5.646	9.033
b92	17.654	67.269	3.000	12.000
b149	20.654	67.269	2.121	8.485
b105	17.654	79.269	3.428	13.711
b98	21.081	79.269	1.936	7.746
b62	23.299	30.587	3.873	15.492
b63	27.172	30.587	2.179	8.718
b80	27.172	39.305	1.414	5.657
b67	23.299	46.079	6.021	9.633
b74	23.299	55.712	2.179	8.718
b44	23.299	64.430	2.000	8.000
b90	23.299	72.430	3.122	12.490
b102	26.422	55.712	2.915	11.662
b95	26.422	67.374	2.828	11.314
b77	29.352	30.587	2.958	4.733
b107	29.352	35.320	2.550	10.198
b96	29.352	45.518	3.162	12.649
b72	29.352	58.167	3.162	12.649
b113	29.352	70.816	3.279	13.115
b70	32.631	30.587	2.121	8.485
b110	34.752	30.587	3.000	12.000
b64	32.631	42.587	4.500	18.000
b85	32.631	60.587	4.000	16.000
b82	37.752	30.587	6.164	6.164
b31	37.752	36.752	7.416	2.966
b56	37.752	39.718	2.236	8.944
b51	39.988	39.718	5.420	8.672
b48	37.752	48.662	2.398	9.592
b97	40.150	48.662	2.500	10.000
b69	42.650	48.662	2.550	10.198
b89	37.752	58.860	6.124	2.449
b84	37.752	61.310	7.550	7.550
b47	37.752	68.860	6.928	1.732
b94	37.752	70.592	2.372	3.795
b58	40.124	70.592	5.292	5.292
b91	37.752	75.883	3.317	13.266
b59	41.069	75.883	4.359	17.436
b61	45.427	30.587	12.649	3.162
b28	58.077	30.587	15.875	3.969
b76	45.427	34.556	3.873	1.549
b37	49.300	34.556	6.928	1.732
b60	45.427	36.288	3.082	12.329
b54	45.427	48.617	3.953	6.325
b36	45.427	54.941	3.464	3.464
b45	45.427	58.405	3.446	5.514
b11	45.427	63.919	3.354	5.367
b21	45.427	69.285	3.905	15.620
b55	45.427	84.906	3.708	5.933
b68	49.380	36.288	5.477	5.477
b73	54.857	36.288	5.000	5.000
b19	59.857	36.288	2.850	4.561
b52	62.708	36.288	6.000	6.000
b78	68.708	36.288	12.649	3.162
b66	68.708	39.450	11.832	2.958
b88	49.380	42.408	13.115	3.279
b79	62.495	42.408	7.906	3.162
b49	70.401	42.408	13.416	3.354
b2	49.380	45.762	14.283	3.571
b39	63.663	45.762	13.416	3.354
b17	49.380	49.333	11.136	2.784
b57	60.516	49.333	11.489	2.872
b13	49.380	52.205	4.387	17.550
b15	49.380	69.755	4.301	17.205
b6	53.768	52.205	5.916	2.366
b30	53.768	54.572	4.123	4.123
b14	53.768	58.695	5.916	2.366
b38	53.768	61.061	5.568	5.568
b46	53.768	66.629	5.099	5.099
b41	53.768	71.728	1.581	6.325
b34	55.349	71.728	4.031	6.450
b50	55.349	78.178	3.536	14.142
b0	59.684	52.205	9.165	2.291
b33	68.849	52.205	9.798	2.449
b26	59.684	54.655	12.490	3.122
b5	72.174	54.655	12.490	3.122
b1	59.684	57.777	10.392	2.598
b42	70.076	57.777	10.954	2.739
b23	59.684	60.516	12.000	3.000
b22	71.684	60.516	12.166	3.041
b25	59.684	63.557	3.428	13.711
b10	59.684	77.268	3.606	14.422
b16	63.289	63.557	3.873	3.873
b4	67.162	63.557	8.660	3.464
b7	75.823	63.557	7.246	2.898
b40	63.289	67.430	5.062	8.099
b12	63.289	75.530	3.674	14.697
b24	68.351	67.430	2.958	4.733
b18	71.310	67.430	4.796	4.796
b35	76.105	67.430	8.485	2.121
b27	76.105	69.551	6.892	2.757
b3	68.351	72.308	11.136	2.784
b43	68.351	75.092	3.500	14.000
b8	71.851	75.092	6.708	2.683
b9	71.851	77.775	3.742	14.967
b32	75.593	77.775	2.598	10.392
b20	78.560	75.092	2.872	11.489
b29	81.432	75.092	2.000	8.000
