name	x	y	w	h
b134	0.000	0.000	8.246	2.062
b91	0.000	2.062	10.488	4.195
b165	0.000	6.257	6.310	7.766
b164	6.310	6.257	4.402	7.043
b77	0.000	14.023	5.916	2.366
b162	5.916	14.023	4.770	2.726
b154	0.000	16.748	8.124	8.124
b187	8.124	16.748	2.883	6.590
b144	0.000	24.872	3.373	7.709
b149	0.000	32.581	3.354	5.367
b196	3.373	24.872	4.323	5.320
b174	7.696	24.872	3.354	5.367
b189	3.373	30.239	3.172	7.251
b198	6.545	30.239	4.472	7.155
b122	0.000	37.948	5.362	8.579
b199	5.362	37.948	5.534	8.854
b192	0.000	46.802	8.456	2.602
b133	8.456	46.802	2.449	2.449
b193	0.000	49.404	8.062	8.062
b185	8.062	49.404	3.031	6.928
b194	0.000	57.466	7.267	8.944
b173	7.267	57.466	3.800	8.685
b195	0.000	66.410	10.198	3.138
b163	0.000	69.548	4.387	17.550
b97	4.387	69.548	6.614	3.780
b188	4.387	73.328	2.958	11.832
b191	7.346	73.328	3.742	14.967
b179	11.093	2.062	10.747	6.141
b157	21.840	2.062	5.612	3.207
b183	21.840	5.269	6.205	3.546
b186	28.045	2.062	9.592	2.398
b190	28.045	4.459	10.607	4.243
b170	38.652	2.062	5.408	6.656
b132	44.060	2.062	6.205	3.546
b109	50.265	2.062	2.850	3.508
b167	53.115	2.062	7.746	3.098
b178	60.861	2.062	3.464	3.464
b169	64.326	2.062	13.565	3.391
b181	44.060	5.607	7.583	3.033
b42	51.643	5.607	9.874	3.038
b180	61.517	5.607	5.123	2.928
b104	66.641	5.607	10.198	3.138
b177	11.093	8.814	4.899	4.899
b172	11.093	13.713	5.292	5.292
b166	11.093	19.005	5.292	3.024
b101	11.093	22.029	5.494	12.558
b151	11.093	34.587	5.292	3.024
b117	11.093	37.611	5.657	5.657
b160	11.093	43.268	5.292	3.024
b197	11.093	46.291	5.081	11.613
b146	11.093	57.904	5.701	7.016
b158	11.093	64.920	5.454	3.117
b74	11.093	68.037	4.359	4.359
b145	11.093	72.396	3.708	14.832
b184	14.801	72.396	1.871	7.483
b175	14.801	79.879	1.936	7.746
b100	16.794	8.814	7.746	3.098
b131	16.794	11.913	5.099	5.099
b137	21.893	11.913	3.062	4.899
b139	24.955	8.814	10.966	3.374
b142	24.955	12.188	8.874	5.071
b98	33.829	12.188	3.062	4.899
b182	36.891	8.814	6.124	2.449
b92	36.891	11.264	6.000	6.000
b171	43.015	8.814	10.368	4.147
b89	43.015	12.962	3.491	4.297
b156	46.506	12.962	7.124	4.071
b129	53.630	8.814	8.485	8.485
b59	62.115	8.814	15.716	4.836
b118	62.115	13.650	14.000	3.500
b140	16.794	17.300	5.292	1.323
b143	16.794	18.622	8.485	8.485
b82	16.794	27.108	8.155	4.660
b95	16.794	31.768	5.657	5.657
b147	22.451	31.768	2.475	5.657
b152	16.794	37.424	4.131	9.442
b113	20.925	37.424	4.337	9.914
b96	16.794	47.338	5.000	8.000
b114	21.794	47.338	3.437	7.856
b94	16.794	55.338	1.500	6.000
b155	18.294	55.338	1.225	4.899
b168	19.519	55.338	5.745	5.745
b78	16.794	61.338	4.183	9.562
b115	20.978	61.338	4.183	9.562
b161	16.794	70.900	6.062	3.464
b111	22.856	70.900	2.372	3.795
b90	16.794	74.695	3.122	12.490
b176	19.917	74.695	4.583	2.619
b106	19.917	77.314	4.583	10.474
b61	25.280	17.300	10.000	4.000
b88	25.280	21.300	8.675	4.957
b148	25.280	26.257	8.000	2.000
b159	25.280	28.257	10.037	3.088
b83	25.280	31.345	10.000	2.500
b87	25.280	33.845	10.037	3.088
b153	25.280	36.933	2.121	8.485
b105	27.401	36.933	5.420	8.672
b127	32.821	36.933	2.179	8.718
b69	25.280	45.651	4.596	5.657
b57	29.876	45.651	5.178	6.373
b50	25.280	52.024	3.536	14.142
b128	28.815	52.024	2.828	11.314
b141	31.643	52.024	3.683	8.418
b124	31.643	60.442	3.446	5.514
b49	25.280	66.166	5.303	8.485
b125	30.583	66.166	2.121	8.485
b29	32.704	66.166	2.000	8.000
b136	25.280	74.652	8.246	2.062
b116	25.280	76.713	4.950	11.314
b121	30.229	76.713	4.770	10.902
b4	35.326	17.300	8.660	3.464
b93	43.986	17.300	9.083	3.633
b103	53.069	17.300	9.618	3.847
b84	62.687	17.300	15.100	3.775
b28	35.326	21.147	15.875	3.969
b17	35.326	25.115	8.803	3.521
b119	44.130	25.115	8.803	3.521
b120	52.933	21.147	3.240	7.407
b107	56.173	21.147	4.031	6.450
b123	60.205	21.147	2.727	6.234
b55	62.932	21.147	3.102	7.091
b62	66.034	21.147	12.247	4.899
b138	66.034	26.046	9.798	2.449
b14	35.326	28.637	4.950	2.828
b112	40.276	28.637	10.954	2.739
b41	51.230	28.637	4.183	2.390
b48	55.414	28.637	8.646	2.660
b80	64.060	28.637	2.828	2.828
b38	66.888	28.637	11.136	2.784
b60	35.326	31.465	9.747	3.899
b54	45.073	31.465	6.614	3.780
b36	51.687	31.465	3.122	3.843
b65	54.810	31.465	9.487	3.795
b37	64.297	31.465	3.122	3.843
b39	67.419	31.465	10.607	4.243
b52	35.326	35.708	3.969	9.071
b102	35.326	44.779	3.857	8.816
b130	35.326	53.594	4.213	16.852
b67	35.326	70.447	3.808	15.232
b30	39.539	35.708	8.246	2.062
b56	39.539	37.769	8.944	2.236
b33	39.539	40.005	9.798	2.449
b135	39.539	42.455	5.916	3.381
b150	45.455	42.455	3.742	3.742
b79	39.539	46.196	6.614	3.780
b47	46.154	46.196	3.122	3.843
b86	39.539	50.040	6.062	3.464
b16	45.601	50.040	3.873	3.873
b75	39.539	53.913	6.344	3.625
b81	39.539	57.538	6.344	3.625
b66	39.539	61.163	5.916	5.916
b10	39.539	67.079	6.500	8.000
b58	39.539	75.079	5.292	5.292
b71	39.539	80.371	6.437	7.923
b76	46.039	53.913	3.240	1.852
b32	46.039	55.764	3.437	7.856
b45	46.039	63.620	3.446	5.514
b46	46.039	69.134	3.373	7.709
b3	46.039	76.843	2.784	11.136
b20	49.485	35.708	5.178	6.373
b35	54.663	35.708	2.806	6.414
b11	57.470	35.708	2.806	6.414
b8	60.276	35.708	5.612	3.207
b126	65.888	35.708	12.329	3.082
b73	60.276	38.915	7.906	3.162
b68	68.182	38.915	9.874	3.038
b63	49.485	42.122	3.929	4.836
b108	53.414	42.122	6.982	2.148
b0	53.414	44.270	7.246	2.898
b99	60.660	42.122	5.196	5.196
b21	65.856	42.122	12.349	4.940
b85	49.485	47.318	16.000	4.000
b51	65.485	47.318	12.359	3.803
b25	49.485	51.318	10.840	4.336
b64	60.325	51.318	18.000	4.500
b1	49.485	55.818	3.437	7.856
b12	52.922	55.818	7.348	7.348
b24	60.271	55.818	1.871	7.483
b72	62.142	55.818	12.649	3.162
b15	62.142	58.980	15.508	4.772
b22	49.485	63.752	3.041	12.166
b110	49.485	75.918	3.000	12.000
b53	52.527	63.752	6.633	1.658
b70	52.527	65.410	7.649	2.353
b18	52.527	67.764	7.583	3.033
b6	52.527	70.797	7.483	1.871
b31	52.527	72.668	7.416	2.966
b5	52.527	75.634	3.122	12.490
b26	55.649	75.634	3.122	12.490
b44	60.175	63.752	4.000	4.000
b9	64.175	63.752	13.491	4.151
b34	60.175	67.903	9.192	2.828
b7	69.368	67.903	8.261	2.542
b19	60.175	70.732	4.770	2.726
b23	64.945	70.732	12.000	3.000
b43	60.175	73.732	3.500	14.000
b40	63.675	73.732	12.806	3.202
b2	63.675	76.933	14.283	3.571
b13	63.675	80.504	13.874	5.550
b27	63.675	86.054	8.718	2.179
