name	x	y	w	h
b21	0.000	0.000	5.523	22.091
b76	5.523	0.000	7.071	2.828
b67	5.523	2.828	6.471	10.354
b79	5.523	13.182	7.624	12.198
b14	13.147	0.000	4.873	19.494
b31	13.147	19.494	4.677	7.483
b19	18.020	0.000	5.863	9.381
b2	18.020	9.381	4.359	17.436
b88	23.883	0.000	4.677	7.483
b68	23.883	7.483	4.873	19.494
b53	28.756	0.000	4.677	7.483
b26	28.756	7.483	4.583	18.330
b74	33.434	0.000	3.240	12.961
b24	33.434	12.961	3.428	13.711
b82	36.861	0.000	10.050	10.050
b73	36.861	10.050	9.937	15.900
b57	46.911	0.000	2.872	11.489
b41	46.911	11.489	3.841	15.362
b90	50.752	0.000	4.873	7.797
b64	50.752	7.797	4.770	19.079
b18	55.625	0.000	8.426	8.426
b3	55.625	8.426	4.243	16.971
b39	59.868	8.426	4.555	18.221
b96	64.423	0.000	7.246	11.593
b15	64.423	11.593	7.458	11.933
b45	71.881	0.000	4.330	6.928
b65	71.881	6.928	5.025	20.100
b38	76.906	0.000	5.590	8.944
b43	76.906	8.944	4.500	18.000
b36	82.496	0.000	7.945	12.712
b44	82.496	12.712	8.732	13.971
b94	91.229	0.000	6.275	10.040
b22	91.229	10.040	4.062	16.248
b32	97.503	0.000	4.301	17.205
b60	97.503	17.205	4.541	7.266
b75	102.045	0.000	2.291	9.165
b61	102.045	9.165	2.236	8.944
b52	104.336	0.000	5.025	20.100
b33	104.336	20.100	4.330	6.928
b87	109.361	0.000	4.031	16.125
b80	109.361	16.125	2.739	10.954
b46	113.392	0.000	2.872	11.489
b25	113.392	11.489	3.841	15.362
b55	117.233	0.000	13.038	5.215
b13	117.233	5.215	5.339	21.354
b69	122.571	5.215	7.681	7.681
b99	122.571	12.897	8.292	13.266
b35	130.863	0.000	3.240	12.961
b23	130.863	12.961	3.082	12.329
b85	134.103	0.000	5.477	2.191
b7	134.103	2.191	5.745	5.745
b12	134.103	7.935	5.809	9.295
b98	134.103	17.231	5.916	9.466
b27	140.019	0.000	4.183	6.693
b91	140.019	6.693	4.213	16.852
b59	144.232	0.000	4.359	17.436
b6	144.232	17.436	4.257	6.812
b78	148.591	0.000	10.954	2.739
b77	148.591	2.739	6.000	24.000
b48	154.591	2.739	6.275	10.040
b86	154.591	12.779	6.892	11.027
b83	154.591	23.806	6.124	2.449
b92	161.483	0.000	4.123	4.123
b8	161.483	4.123	5.523	22.091
b37	167.006	0.000	4.873	7.797
b93	167.006	7.797	4.637	18.547
b20	171.880	0.000	10.000	2.500
b58	171.880	2.500	12.349	4.940
b89	171.880	7.440	12.806	3.202
b40	171.880	10.641	10.770	2.693
b50	171.880	13.334	12.942	5.177
b29	171.880	18.511	7.483	7.483
b54	179.363	18.511	5.362	8.579
b34	184.822	0.000	15.362	3.841
b42	184.822	3.841	16.355	6.542
b11	184.822	10.383	14.916	5.967
b71	184.822	16.349	6.175	9.879
b49	190.996	16.349	10.724	10.724
b97	201.720	0.000	3.240	12.961
b84	201.720	12.961	3.536	14.142
b95	205.256	0.000	4.873	7.797
b51	205.256	7.797	4.583	18.330
b30	210.129	0.000	4.796	4.796
b72	210.129	4.796	5.523	22.091
b66	215.652	0.000	23.238	5.809
b47	238.890	0.000	14.663	5.865
b10	215.652	5.865	5.745	5.745
b70	215.652	11.610	3.391	13.565
b62	219.043	11.610	3.391	13.565
b5	222.434	5.865	12.145	4.858
b1	234.579	5.865	20.100	5.025
b0	222.434	10.890	7.483	7.483
b16	222.434	18.373	8.718	8.718
b4	231.152	10.890	8.000	2.000
b17	231.152	12.890	8.367	13.387
b56	239.518	10.890	4.108	6.573
b9	243.626	10.890	9.592	2.398
b63	243.626	13.288	10.607	4.243
b81	239.518	17.531	13.784	5.514
b28	239.518	23.044	15.362	3.841
