name	x	y	w	h
b272	0.000	0.000	3.536	5.657
b280	3.536	0.000	2.000	8.000
b286	5.536	0.000	4.610	7.376
b239	10.145	0.000	4.583	4.583
b261	10.145	4.583	3.606	3.606
b294	13.751	4.583	3.317	3.317
b275	17.067	0.000	3.062	4.899
b290	17.067	4.899	3.162	3.162
b297	20.230	0.000	5.196	5.196
b269	20.230	5.196	6.325	2.530
b271	26.554	0.000	7.746	3.098
b284	26.554	3.098	7.746	1.936
b246	26.554	5.035	7.746	3.098
b257	34.300	0.000	2.850	4.561
b270	34.300	4.561	2.828	2.828
b264	37.151	0.000	7.746	3.098
b250	37.151	3.098	5.000	5.000
b292	42.151	3.098	4.690	4.690
b295	46.841	0.000	5.701	2.280
b251	46.841	2.280	5.831	5.831
b273	52.672	0.000	3.873	3.873
b293	52.672	3.873	4.359	4.359
b266	57.031	0.000	11.180	4.472
b282	57.031	4.472	11.136	2.784
b263	68.211	0.000	11.180	4.472
b267	68.211	4.472	11.136	2.784
b252	79.392	0.000	2.850	4.561
b260	79.392	4.561	2.449	2.449
b277	82.242	0.000	7.211	1.803
b276	89.453	0.000	6.325	1.581
b249	82.242	1.803	3.708	5.933
b209	85.950	1.803	12.329	3.082
b244	85.950	4.885	3.317	3.317
b279	89.267	4.885	12.490	3.122
b268	0.000	8.232	1.803	7.211
b245	0.000	15.443	2.236	8.944
b241	2.236	8.232	1.414	5.657
b254	2.236	13.889	1.414	5.657
b243	3.650	8.232	8.515	3.406
b237	3.650	11.638	7.071	2.828
b287	12.165	8.232	9.165	2.291
b255	12.165	10.523	10.247	4.099
b288	22.412	8.232	3.873	6.197
b240	26.285	8.232	2.500	4.000
b233	26.285	12.232	2.236	2.236
b258	28.785	8.232	11.832	2.958
b278	28.785	11.190	3.606	3.606
b291	32.390	11.190	8.367	3.347
b223	40.757	8.232	5.000	2.000
b191	40.757	10.232	5.701	2.280
b281	40.757	12.512	5.701	2.280
b259	46.458	8.232	2.828	2.828
b226	46.458	11.060	3.873	3.873
b185	50.331	8.232	7.246	2.898
b262	50.331	11.130	8.660	3.464
b289	58.991	8.232	4.183	6.693
b274	63.174	8.232	4.000	4.000
b231	63.174	12.232	5.244	2.098
b298	68.419	8.232	11.136	2.784
b238	79.554	8.232	10.000	2.500
b248	89.554	8.232	11.136	2.784
b247	68.419	11.016	9.083	3.633
b242	77.501	11.016	9.165	2.291
b299	77.501	13.307	3.162	1.265
b227	80.664	13.307	6.325	1.581
b253	86.988	11.016	1.768	2.828
b213	88.756	11.016	6.633	1.658
b218	88.756	12.674	7.746	1.936
b296	96.502	12.674	5.000	2.000
b162	3.650	14.933	5.701	2.280
b229	3.650	17.214	5.196	5.196
b206	3.650	22.410	5.831	5.831
b235	3.650	28.241	4.899	4.899
b217	3.650	33.140	4.690	4.690
b179	3.650	37.830	3.000	12.000
b196	6.650	37.830	3.122	12.490
b203	3.650	50.320	5.000	2.000
b234	3.650	52.320	5.916	2.366
b222	3.650	54.687	3.536	5.657
b230	3.650	60.343	2.398	9.592
b283	7.186	54.687	1.118	4.472
b211	8.304	54.687	1.118	4.472
b172	7.186	59.159	2.372	3.795
b212	7.186	62.953	2.291	9.165
b236	9.773	14.933	5.000	5.000
b221	14.773	14.933	2.958	4.733
b143	17.731	14.933	2.958	4.733
b184	20.689	14.933	5.196	5.196
b164	25.885	14.933	5.831	5.831
b285	31.716	14.933	5.000	2.000
b228	31.716	16.933	2.500	4.000
b214	34.216	16.933	2.622	4.195
b232	36.838	14.933	4.796	4.796
b175	36.838	19.729	4.899	1.225
b256	41.737	14.933	4.183	1.673
b265	41.737	16.607	4.000	4.000
b181	45.920	14.933	8.944	2.236
b204	45.920	17.169	8.803	3.521
b201	54.865	14.933	8.485	2.121
b225	54.865	17.055	10.124	4.050
b216	64.989	14.933	8.718	2.179
b187	64.989	17.113	8.944	3.578
b200	73.933	14.933	6.083	6.083
b205	80.016	14.933	1.414	5.657
b195	81.430	14.933	2.500	4.000
b163	83.930	14.933	6.519	2.608
b166	90.449	14.933	10.583	2.646
b202	83.930	17.579	8.803	3.521
b192	92.733	17.579	8.944	3.578
b120	9.773	21.157	8.660	3.464
b197	18.433	21.157	4.899	4.899
b154	23.332	21.157	2.372	3.795
b199	25.704	21.157	8.062	3.225
b169	33.766	21.157	4.690	4.690
b174	38.456	21.157	4.000	4.000
b208	42.456	21.157	2.850	4.561
b151	45.307	21.157	4.243	4.243
b186	49.549	21.157	4.899	4.899
b219	54.448	21.157	2.739	4.382
b215	57.187	21.157	7.483	1.871
b224	57.187	23.028	7.416	2.966
b190	64.670	21.157	4.796	4.796
b170	69.466	21.157	10.954	2.739
b193	69.466	23.895	7.211	1.803
b168	80.421	21.157	4.796	4.796
b171	85.216	21.157	4.583	4.583
b161	89.799	21.157	11.180	4.472
b153	9.773	26.056	8.515	3.406
b123	9.773	29.462	6.892	2.757
b194	18.287	26.056	3.000	3.000
b144	18.287	29.056	3.742	3.742
b210	22.029	26.056	4.472	1.789
b182	22.029	27.845	5.000	5.000
b183	27.029	26.056	4.330	6.928
b189	31.359	26.056	3.606	3.606
b148	31.359	29.661	3.000	3.000
b198	34.965	26.056	9.165	2.291
b113	34.965	28.347	4.472	4.472
b207	39.437	28.347	4.690	4.690
b157	44.130	26.056	3.464	3.464
b156	44.130	29.520	3.317	3.317
b135	47.594	26.056	8.000	2.000
b45	47.594	28.056	2.958	4.733
b220	50.552	28.056	5.099	5.099
b167	55.651	26.056	4.402	7.043
b158	60.053	26.056	1.323	5.292
b117	61.376	26.056	8.718	2.179
b142	61.376	28.235	4.796	4.796
b141	66.172	28.235	4.472	4.472
b125	70.644	26.056	13.416	3.354
b83	70.644	29.410	9.354	3.742
b94	79.998	29.410	3.742	3.742
b110	84.060	26.056	6.164	6.164
b159	90.224	26.056	11.489	2.872
b114	90.224	28.928	9.354	3.742
b127	9.773	33.155	10.000	2.500
b145	9.773	35.655	5.916	2.366
b165	9.773	38.021	3.000	3.000
b160	12.773	38.021	3.162	3.162
b178	15.935	35.655	1.414	5.657
b97	17.349	35.655	2.958	4.733
b180	9.773	41.312	2.121	8.485
b102	11.894	41.312	2.872	11.489
b188	14.766	41.312	2.915	11.662
b176	17.682	41.312	2.693	10.770
b122	9.773	52.974	8.944	2.236
b150	9.773	55.210	8.246	2.062
b173	9.773	57.271	4.359	4.359
b138	14.132	57.271	5.196	5.196
b74	9.773	62.467	2.915	11.662
b129	12.688	62.467	2.121	8.485
b139	14.810	62.467	2.784	11.136
b147	17.593	62.467	2.693	10.770
b105	20.374	33.155	2.598	10.392
b128	20.374	43.547	2.693	10.770
b101	23.067	33.155	2.500	10.000
b79	23.067	43.155	2.398	9.592
b126	25.567	33.155	1.323	5.292
b124	26.890	33.155	5.000	5.000
b72	31.890	33.155	2.622	4.195
b115	34.512	33.155	3.354	5.367
b177	37.866	33.155	9.354	3.742
b131	47.220	33.155	11.180	4.472
b112	58.401	33.155	3.354	5.367
b116	61.755	33.155	2.850	4.561
b149	64.605	33.155	4.899	4.899
b93	69.504	33.155	2.622	4.195
b132	72.126	33.155	3.260	5.215
b155	75.386	33.155	5.657	1.414
b146	75.386	34.569	9.618	3.847
b90	85.003	33.155	5.099	5.099
b85	90.102	33.155	11.662	2.915
b140	90.102	36.070	5.477	2.191
b80	95.580	36.070	5.701	2.280
b95	25.567	38.521	3.082	12.329
b134	25.567	50.850	3.041	12.166
b34	28.649	38.521	2.236	3.578
b55	30.885	38.521	6.892	2.757
b119	37.777	38.521	8.515	3.406
b152	46.292	38.521	2.092	3.347
b100	48.384	38.521	13.565	3.391
b133	61.948	38.521	7.746	1.936
b136	61.948	40.458	6.633	1.658
b82	69.694	38.521	7.416	2.966
b69	77.110	38.521	7.583	3.033
b56	84.693	38.521	9.083	3.633
b52	93.776	38.521	8.000	2.000
b106	93.776	40.521	6.325	1.581
b108	28.649	42.154	9.083	3.633
b107	28.649	45.788	3.317	3.317
b86	28.649	49.104	3.162	12.649
b59	28.649	61.753	3.202	12.806
b67	31.966	45.788	6.633	1.658
b130	31.966	47.446	6.708	2.683
b81	31.966	50.129	6.633	1.658
b137	31.966	51.788	5.916	2.366
b118	31.966	54.154	6.245	6.245
b42	31.966	60.399	2.598	10.392
b65	34.564	60.399	1.323	5.292
b111	35.887	60.399	2.646	2.646
b88	35.887	63.045	2.739	10.954
b68	38.674	42.154	10.770	2.693
b58	49.444	42.154	6.124	2.449
b71	55.568	42.154	10.000	2.500
b36	65.568	42.154	6.892	2.757
b61	72.460	42.154	11.314	2.828
b62	83.774	42.154	12.329	3.082
b78	38.674	45.237	6.325	2.530
b50	44.999	45.237	2.092	3.347
b43	47.090	45.237	6.892	2.757
b26	53.982	45.237	3.464	3.464
b109	57.446	45.237	13.416	3.354
b33	70.863	45.237	13.856	3.464
b28	84.719	45.237	2.092	3.347
b103	86.811	45.237	8.216	3.286
b104	95.027	45.237	5.916	2.366
b91	38.674	48.701	2.291	9.165
b19	38.674	57.866	2.179	8.718
b96	40.965	48.701	2.958	11.832
b121	40.965	60.533	2.739	10.954
b17	43.923	48.701	2.958	11.832
b92	43.923	60.533	3.500	14.000
b99	47.423	48.701	2.000	8.000
b75	47.423	56.701	2.062	8.246
b54	49.485	48.701	4.899	4.899
b24	54.384	48.701	2.500	4.000
b73	56.884	48.701	2.850	4.561
b14	49.485	53.600	9.381	2.345
b89	49.485	55.945	2.236	8.944
b29	49.485	64.889	2.236	8.944
b53	51.721	55.945	6.325	1.581
b77	51.721	57.526	2.062	8.246
b70	51.721	65.772	2.062	8.246
b98	53.783	57.526	2.622	4.195
b47	53.783	61.721	3.122	12.490
b46	56.905	57.526	2.449	2.449
b87	56.905	59.976	3.536	14.142
b84	60.441	48.701	4.330	6.928
b30	60.441	55.629	3.606	3.606
b57	60.441	59.235	3.606	14.422
b4	64.771	48.701	3.240	12.961
b13	64.771	61.662	3.041	12.166
b66	68.011	48.701	3.317	13.266
b27	68.011	61.967	2.958	11.832
b64	71.328	48.701	5.477	2.191
b51	76.805	48.701	2.449	2.449
b2	79.254	48.701	5.916	2.366
b0	85.171	48.701	5.000	2.000
b9	90.171	48.701	10.198	2.550
b6	71.328	51.250	2.449	9.798
b48	71.328	61.048	2.345	9.381
b15	73.777	51.250	1.732	6.928
b44	75.509	51.250	3.062	4.899
b37	75.509	56.149	2.828	2.828
b3	78.571	51.250	9.381	2.345
b8	78.571	53.596	3.354	5.367
b21	81.925	53.596	5.385	5.385
b23	87.952	51.250	8.000	2.000
b60	87.952	53.250	3.062	4.899
b31	91.014	53.250	10.392	2.598
b22	91.014	55.848	9.798	2.449
b39	73.777	58.981	2.000	2.000
b32	73.777	60.981	2.500	4.000
b40	73.777	64.981	2.291	9.165
b35	76.277	58.981	5.657	1.414
b1	76.277	60.395	5.000	2.000
b12	81.934	58.981	2.828	2.828
b10	84.762	58.981	3.317	3.317
b18	88.079	58.981	13.266	3.317
b76	76.277	62.395	2.872	11.489
b7	79.149	62.395	2.449	9.798
b5	81.599	62.395	1.581	6.325
b11	83.180	62.395	3.791	6.066
b25	86.972	62.395	4.257	6.812
b49	91.229	62.395	10.392	2.598
b63	91.229	64.993	9.747	3.899
b41	81.599	69.207	8.000	2.000
b20	81.599	71.207	1.936	3.098
b38	83.535	71.207	3.162	3.162
b16	86.698	71.207	13.266	3.317
