name	x	y	w	h
b56	0.000	0.000	10.392	2.598
b88	10.392	0.000	11.832	2.958
b43	0.000	2.958	18.000	4.500
b70	18.000	2.958	10.724	4.290
b48	0.000	7.458	12.550	5.020
b82	12.550	7.458	20.100	5.025
b69	0.000	12.483	12.145	4.858
b1	12.145	12.483	20.100	5.025
b96	0.000	17.508	18.330	4.583
b84	18.330	17.508	11.180	4.472
b36	0.000	22.090	20.100	5.025
b71	20.100	22.090	12.349	4.940
b64	0.000	27.115	15.083	6.033
b72	15.083	27.115	17.464	6.986
b81	0.000	34.101	6.892	11.027
b7	6.892	34.101	5.745	5.745
b61	6.892	39.846	4.472	4.472
b90	12.637	34.101	9.747	3.899
b53	22.383	34.101	9.354	3.742
b80	12.637	38.000	8.660	3.464
b57	12.637	41.464	9.083	3.633
b40	21.720	38.000	10.770	2.693
b24	21.720	40.692	10.840	4.336
b68	0.000	45.128	19.494	4.873
b67	19.494	45.128	12.942	5.177
b74	0.000	50.305	10.247	4.099
b44	10.247	50.305	22.091	5.523
b32	0.000	55.828	17.205	4.301
b25	17.205	55.828	15.362	3.841
b2	0.000	60.129	13.784	5.514
b93	13.784	60.129	18.547	4.637
b91	0.000	65.643	13.323	5.329
b86	13.323	65.643	17.436	4.359
b58	0.000	70.972	12.349	4.940
b52	12.349	70.972	20.100	5.025
b14	0.000	75.997	19.494	4.873
b28	19.494	75.997	12.145	4.858
b89	0.000	80.870	6.403	6.403
b73	6.403	80.870	25.140	6.285
b11	0.000	87.273	7.458	11.933
b45	7.458	87.273	10.954	2.739
b13	7.458	90.012	10.677	10.677
b85	18.413	87.273	6.928	1.732
b39	18.413	89.005	7.202	11.524
b3	25.615	89.005	6.708	10.733
b35	0.000	100.689	10.247	4.099
b21	10.247	100.689	22.091	5.523
b94	0.000	106.212	15.875	3.969
b55	15.875	106.212	16.492	4.123
b78	0.000	110.335	5.477	5.477
b77	5.477	110.335	24.000	6.000
b42	0.000	116.335	20.688	5.172
b0	20.688	116.335	11.832	4.733
b12	0.000	121.507	14.697	3.674
b60	14.697	121.507	9.083	3.633
b75	23.780	121.507	7.246	2.898
b87	0.000	125.181	16.125	4.031
b50	16.125	125.181	16.371	4.093
b47	0.000	129.274	18.547	4.637
b5	18.547	129.274	12.145	4.858
b59	0.000	134.132	8.718	8.718
b66	8.718	134.132	23.238	5.809
b92	8.718	139.941	4.123	4.123
b23	12.841	139.941	9.747	3.899
b37	22.588	139.941	9.747	3.899
b38	0.000	144.064	11.180	4.472
b51	11.180	144.064	18.330	4.583
b18	0.000	148.647	16.852	4.213
b19	16.852	148.647	14.832	3.708
b62	0.000	152.860	3.391	13.565
b99	3.391	152.860	8.292	13.266
b27	11.683	152.860	4.183	6.693
b46	11.683	159.553	4.541	7.266
b54	16.224	152.860	6.782	6.782
b63	16.224	159.642	6.708	6.708
b76	23.007	152.860	8.944	2.236
b30	23.007	155.096	9.592	2.398
b26	23.007	157.494	9.165	9.165
b65	0.000	166.820	15.890	6.356
b17	15.890	166.820	16.733	6.693
b29	0.000	173.513	14.967	3.742
b98	14.967	173.513	14.967	3.742
b22	0.000	177.255	4.062	16.248
b34	0.000	193.503	3.841	15.362
b97	4.062	177.255	10.247	4.099
b16	14.309	177.255	17.436	4.359
b8	4.062	181.613	8.732	13.971
b49	4.062	195.585	8.478	13.565
b95	12.794	181.613	4.873	7.797
b4	17.668	181.613	8.000	2.000
b15	17.668	183.613	14.916	5.967
b79	12.794	189.580	4.822	19.287
b6	17.616	189.580	2.693	10.770
b83	17.616	200.350	1.936	7.746
b10	20.309	189.580	11.489	2.872
b9	20.309	192.452	4.796	4.796
b20	20.309	197.248	2.500	10.000
b31	22.809	197.248	2.958	11.832
b33	25.767	192.452	2.739	10.954
b41	28.505	192.452	3.841	15.362
