name	x	y	w	h
b272	0.000	0.000	8.165	2.449
b268	0.000	2.449	7.211	1.803
b281	0.000	4.252	7.211	1.803
b263	0.000	6.055	8.165	6.124
b258	0.000	12.179	4.830	7.246
b213	4.830	12.179	3.317	3.317
b226	4.830	15.495	3.536	4.243
b288	0.000	19.738	4.000	6.000
b245	4.000	19.738	4.282	4.671
b158	4.000	24.409	4.320	1.620
b297	0.000	26.029	4.243	6.364
b238	4.243	26.029	4.082	6.124
b247	0.000	32.393	4.387	7.521
b235	0.000	39.915	4.243	5.657
b271	4.387	32.393	4.000	6.000
b252	4.387	38.393	1.803	7.211
b275	6.190	38.393	2.236	6.708
b257	0.000	45.604	4.655	2.793
b285	4.655	45.604	3.651	2.739
b276	0.000	48.397	2.236	4.472
b291	2.236	48.397	6.110	4.583
b286	0.000	52.980	5.831	5.831
b273	5.831	52.980	2.500	6.000
b295	0.000	58.980	1.803	7.211
b265	1.803	58.980	2.309	6.928
b293	4.112	58.980	4.173	4.553
b260	4.112	63.532	2.345	2.558
b253	6.457	63.532	1.936	2.582
b277	0.000	66.191	1.803	7.211
b264	1.803	66.191	3.464	6.928
b190	5.267	66.191	3.096	7.430
b250	0.000	73.620	7.071	3.536
b299	7.071	73.620	1.155	3.464
b280	0.000	77.156	2.582	6.197
b223	2.582	77.156	1.826	5.477
b197	4.408	77.156	4.000	6.000
b274	0.000	83.353	2.828	5.657
b206	0.000	89.010	2.915	11.662
b267	2.915	83.353	5.331	5.815
b214	2.915	89.168	1.915	5.745
b234	2.915	94.913	1.871	7.483
b208	4.830	89.168	3.452	3.766
b298	4.830	92.934	3.594	8.626
b296	8.426	0.000	6.325	1.581
b228	14.751	0.000	6.325	1.581
b186	8.426	1.581	2.449	9.798
b196	10.876	1.581	3.122	12.490
b262	8.426	14.071	3.162	9.487
b289	11.589	14.071	2.646	10.583
b194	8.426	24.654	2.291	3.928
b215	10.718	24.654	3.582	3.908
b242	8.426	28.582	2.958	7.099
b198	11.384	28.582	2.958	7.099
b148	8.426	35.681	5.745	1.567
b278	8.426	37.248	2.082	6.245
b145	10.508	37.248	2.160	6.481
b294	12.668	37.248	1.658	6.633
b222	8.426	43.881	2.887	6.928
b217	11.313	43.881	3.028	7.266
b172	8.426	51.148	2.739	3.286
b290	11.165	51.148	3.162	3.162
b227	8.426	54.434	2.415	4.140
b284	10.842	54.434	3.536	4.243
b251	8.426	58.677	2.915	11.662
b200	11.342	58.677	3.041	12.166
b106	8.426	70.842	2.887	3.464
b240	11.313	70.842	2.887	3.464
b162	8.426	74.306	2.944	4.416
b261	11.370	74.306	2.944	4.416
b239	8.426	78.722	2.646	7.937
b182	11.072	78.722	3.227	7.746
b248	8.426	86.659	2.784	11.136
b279	11.210	86.659	3.122	12.490
b123	14.383	1.581	6.658	2.854
b224	21.042	1.581	7.659	2.872
b243	28.701	1.581	10.312	2.812
b159	39.013	1.581	11.489	2.872
b218	50.502	1.581	5.477	2.739
b199	55.979	1.581	9.309	2.793
b128	14.383	4.453	8.226	3.525
b210	14.383	7.979	5.657	1.414
b225	22.609	4.453	8.266	4.960
b237	30.876	4.453	4.082	4.899
b220	34.958	4.453	9.764	2.663
b169	34.958	7.116	9.381	2.345
b255	44.722	4.453	8.367	5.020
b246	53.089	4.453	4.690	5.117
b166	57.779	4.453	10.132	2.763
b171	57.779	7.217	9.165	2.291
b219	14.383	9.570	4.000	3.000
b256	14.383	12.570	4.041	1.732
b269	14.383	14.302	4.000	4.000
b141	14.383	18.302	4.082	4.899
b241	14.383	23.201	1.826	4.382
b203	16.209	23.201	2.236	4.472
b107	14.383	27.673	1.915	5.745
b137	16.298	27.673	2.160	6.481
b174	14.383	34.154	2.309	6.928
b156	16.693	34.154	1.658	6.633
b229	14.383	41.082	3.969	6.803
b212	14.383	47.886	3.969	5.292
b244	14.383	53.177	3.830	2.872
b201	14.383	56.049	4.062	4.431
b259	14.383	60.481	4.000	2.000
b283	14.383	62.481	4.082	1.225
b161	14.383	63.706	4.082	12.247
b177	14.383	75.953	3.819	9.165
b266	14.383	85.118	4.082	12.247
b193	14.383	97.366	3.606	3.606
b249	18.466	9.570	6.633	3.317
b221	18.466	12.887	6.831	2.049
b181	18.466	14.936	6.831	2.928
b180	18.466	17.864	6.481	2.777
b270	18.466	20.641	2.309	3.464
b58	20.775	20.641	4.472	3.354
b184	18.466	24.106	5.196	5.196
b205	23.662	24.106	1.633	4.899
b168	18.466	29.302	3.916	5.874
b163	22.381	29.302	2.915	5.831
b176	18.466	35.175	5.385	5.385
b46	23.851	35.175	1.225	4.899
b232	18.466	40.561	2.769	8.307
b211	21.235	40.561	4.082	1.225
b153	21.235	41.785	4.113	7.051
b204	18.466	48.867	4.252	7.290
b216	22.718	48.867	2.517	7.550
b189	18.466	56.417	2.082	6.245
b202	20.547	56.417	4.822	6.429
b53	18.466	62.846	2.236	4.472
b287	20.702	62.846	4.583	4.583
b136	18.466	67.429	2.141	5.138
b230	20.607	67.429	4.592	5.009
b178	18.466	72.567	3.266	2.449
b154	21.732	72.567	3.464	2.598
b127	18.466	75.165	2.500	10.000
b236	20.966	75.165	4.330	5.774
b132	20.966	80.938	4.123	4.123
b74	18.466	85.165	4.453	7.635
b130	22.919	85.165	2.449	7.348
b120	18.466	92.799	3.162	9.487
b187	21.628	92.799	3.651	8.764
b164	25.369	9.570	3.764	9.033
b165	29.133	9.570	1.500	6.000
b157	25.369	18.604	2.000	6.000
b292	27.369	18.604	3.317	6.633
b149	25.369	25.237	3.742	6.414
b195	29.111	25.237	1.581	6.325
b152	25.369	31.651	1.323	5.292
b282	26.692	31.651	3.937	7.874
b209	25.369	39.525	5.339	7.118
b233	25.369	46.643	2.236	2.236
b126	27.605	46.643	3.055	2.291
b99	25.369	48.934	2.309	6.928
b207	27.679	48.934	3.028	7.266
b231	25.369	56.201	5.066	2.171
b96	25.369	58.372	5.123	6.831
b103	25.369	65.203	5.196	5.196
b7	25.369	70.399	4.899	4.899
b125	25.369	75.298	5.123	8.783
b188	25.369	84.082	5.323	6.387
b134	25.369	90.469	3.041	12.166
b151	28.411	90.469	2.121	8.485
b84	30.708	9.570	10.488	2.860
b114	41.196	9.570	11.832	2.958
b42	30.708	12.528	6.000	4.500
b173	30.708	17.028	6.164	3.082
b142	30.708	20.110	4.592	5.009
b37	35.299	20.110	1.633	4.899
b185	30.708	25.120	5.916	3.550
b160	30.708	28.669	1.826	5.477
b90	32.533	28.669	4.416	5.888
b104	30.708	34.557	1.871	7.483
b192	32.579	34.557	4.320	7.407
b34	30.708	42.040	1.414	5.657
b105	32.122	42.040	4.743	5.692
b112	30.708	47.732	2.121	8.485
b124	32.829	47.732	4.082	6.124
b24	32.829	53.856	4.082	2.449
b183	30.708	56.306	4.743	6.325
b254	35.451	56.306	1.414	5.657
b116	30.708	62.630	6.245	2.082
b43	30.708	64.712	3.559	5.339
b143	34.267	64.712	2.646	5.292
b155	30.708	70.050	2.828	2.828
b146	30.708	72.879	3.041	12.166
b139	33.749	70.050	3.215	9.644
b94	33.749	79.694	3.055	4.583
b117	30.708	85.044	6.164	3.082
b91	30.708	88.127	5.916	3.550
b179	30.708	91.676	3.464	10.392
b170	34.172	91.676	2.739	10.954
b102	36.964	12.528	11.489	2.872
b108	48.453	12.528	11.489	2.872
b41	36.964	15.401	8.000	2.000
b135	44.964	15.401	8.000	2.000
b133	36.964	17.401	7.416	2.023
b77	44.380	17.401	8.246	2.062
b67	36.964	19.462	6.633	1.658
b72	43.597	19.462	6.633	1.658
b71	36.964	21.120	10.000	2.500
b138	46.964	21.120	10.392	2.598
b119	36.964	23.719	10.312	2.812
b56	47.275	23.719	11.489	2.872
b44	36.964	26.591	3.708	4.045
b80	40.672	26.591	3.291	3.950
b48	36.964	30.636	5.416	4.062
b175	42.380	30.636	1.581	3.795
b3	36.964	34.698	4.491	4.899
b30	41.454	34.698	2.550	5.099
b97	36.964	39.797	4.320	3.240
b35	41.284	39.797	2.582	3.098
b54	36.964	43.037	3.162	7.589
b121	40.126	43.037	3.873	7.746
b20	36.964	50.783	1.732	3.464
b150	38.696	50.783	5.323	3.194
b87	36.964	54.247	7.071	7.071
b26	36.964	61.319	1.732	6.928
b1	38.696	61.319	5.164	1.936
b167	38.696	63.255	5.331	5.815
b31	36.964	69.070	4.243	6.364
b75	41.206	69.070	2.661	6.387
b93	36.964	75.458	1.915	5.745
b21	38.878	75.458	5.156	5.625
b86	36.964	81.202	3.651	10.954
b52	40.615	81.202	3.266	4.899
b89	40.615	86.101	3.416	5.855
b144	36.964	92.157	6.831	2.049
b79	36.964	94.206	2.769	8.307
b27	39.733	94.206	4.183	8.367
b115	44.035	26.591	7.348	2.449
b101	51.383	26.591	10.000	2.500
b78	61.383	26.591	6.532	2.449
b33	44.035	29.091	12.649	3.795
b59	56.684	29.091	11.091	3.697
b4	44.035	32.886	12.961	3.240
b17	56.996	32.886	10.801	3.240
b85	44.035	36.126	11.662	2.915
b14	55.697	36.126	7.659	2.872
b11	44.035	39.041	3.916	5.874
b81	47.950	39.041	1.915	5.745
b65	49.865	39.041	2.415	2.898
b28	49.865	41.940	2.415	2.898
b32	52.281	39.041	1.826	5.477
b118	54.106	39.041	12.490	3.122
b122	54.106	42.164	7.303	2.739
b129	61.409	42.164	6.481	2.777
b191	44.035	44.941	5.888	2.208
b29	49.923	44.941	8.563	2.335
b40	58.486	44.941	9.165	2.291
b63	44.035	47.277	12.329	3.082
b68	56.364	47.277	9.832	2.950
b70	44.035	50.359	6.733	2.525
b60	50.768	50.359	5.916	2.535
b9	56.684	50.359	10.198	2.550
b140	44.035	52.909	2.000	6.000
b6	46.035	52.909	4.000	6.000
b36	50.035	52.909	3.082	6.164
b64	53.117	52.909	3.464	3.464
b62	56.581	52.909	11.255	3.376
b12	53.117	56.373	3.266	2.449
b88	56.383	56.373	10.954	2.739
b25	44.035	59.111	10.312	2.812
b61	54.347	59.111	11.314	2.828
b18	44.035	61.940	13.266	3.317
b76	57.301	61.940	9.950	3.317
b10	44.035	65.256	6.055	1.817
b23	44.035	67.073	6.110	2.619
b8	44.035	69.692	6.000	3.000
b113	44.035	72.692	4.472	4.472
b51	48.507	72.692	1.414	4.243
b19	44.035	77.164	6.164	3.082
b82	44.035	80.246	6.055	3.633
b98	44.035	83.879	2.708	4.062
b45	46.743	83.879	3.416	4.099
b131	44.035	87.978	6.124	8.165
b95	44.035	96.143	6.164	6.164
b0	50.199	65.256	2.415	4.140
b38	52.614	65.256	2.415	4.140
b57	55.030	65.256	12.490	4.163
b110	50.199	69.420	7.958	4.775
b109	58.157	69.420	9.487	4.743
b55	50.199	74.195	7.958	2.387
b69	58.157	74.195	9.592	2.398
b15	50.199	76.592	3.464	3.464
b111	50.199	80.057	3.742	1.871
b83	50.199	81.927	3.819	9.165
b66	50.199	91.093	3.830	11.489
b39	54.029	76.592	1.155	3.464
b50	55.184	76.592	2.021	3.464
b13	57.204	76.592	10.536	3.512
b2	54.029	80.104	3.055	4.583
b92	57.084	80.104	10.693	4.583
b73	54.029	84.687	1.803	7.211
b47	55.832	84.687	11.402	3.421
b100	55.832	88.107	11.747	3.916
b16	54.029	92.023	13.266	3.317
b147	54.029	95.340	4.113	7.051
b5	58.142	95.340	6.325	1.581
b22	58.142	96.921	9.381	2.558
b49	58.142	99.479	9.487	2.846
