name	x	y	w	h
b224	0.000	0.000	6.633	3.317
b213	0.000	3.317	6.633	1.658
b279	6.633	0.000	8.062	4.837
b248	14.696	0.000	6.429	4.822
b242	21.125	0.000	7.000	3.000
b275	21.125	3.000	7.416	2.023
b255	28.541	0.000	8.367	5.020
b297	36.907	0.000	6.000	4.500
b272	42.907	0.000	4.082	4.899
b276	46.990	0.000	2.041	4.899
b235	49.031	0.000	9.798	2.449
b245	49.031	2.449	7.746	2.582
b260	56.777	2.449	2.345	2.558
b280	59.122	0.000	7.659	2.089
b273	59.122	2.089	5.477	2.739
b256	64.600	2.089	2.415	2.898
b220	67.015	0.000	5.888	4.416
b249	72.903	0.000	9.381	2.345
b230	72.903	2.345	8.756	2.627
b289	81.659	2.345	10.583	2.646
b215	0.000	5.031	1.871	7.483
b257	0.000	12.515	1.803	7.211
b259	1.871	5.031	5.657	1.414
b263	1.871	6.446	13.540	3.693
b185	15.411	5.031	8.775	2.393
b288	15.411	7.425	8.944	2.683
b192	24.355	5.031	6.532	4.899
b243	30.887	5.031	10.770	2.693
b202	41.657	5.031	11.136	2.784
b262	52.793	5.031	10.954	2.739
b277	30.887	7.815	5.508	2.360
b190	36.395	7.815	9.592	2.398
b222	45.986	7.815	8.563	2.335
b201	54.550	7.815	7.746	2.324
b284	63.747	5.031	7.746	1.936
b241	71.493	5.031	4.320	1.852
b240	63.747	6.968	4.830	2.070
b253	63.747	9.038	4.472	1.118
b236	68.578	6.968	8.165	3.062
b193	76.743	6.968	4.163	3.122
b234	1.871	10.213	3.416	4.099
b231	1.871	14.312	1.658	6.633
b244	3.529	14.312	1.658	6.633
b266	1.871	20.945	3.536	14.142
b299	1.871	35.087	3.464	1.155
b209	1.871	36.242	3.082	12.329
b281	1.871	48.571	3.452	3.766
b204	1.871	52.337	3.215	9.644
b293	1.871	61.980	3.329	5.707
b228	1.871	67.688	1.581	6.325
b218	3.452	67.688	1.936	7.746
b285	5.406	10.213	2.041	4.899
b173	7.448	10.213	3.775	5.033
b237	11.223	10.213	3.873	5.164
b271	15.096	10.213	4.690	5.117
b252	19.786	10.213	2.550	5.099
b278	22.335	10.213	2.550	5.099
b247	24.885	10.213	6.633	4.975
b211	31.518	10.213	1.118	4.472
b267	32.636	10.213	6.429	4.822
b292	39.065	10.213	9.381	2.345
b184	39.065	12.558	9.487	2.846
b270	48.552	10.213	5.657	1.414
b246	48.552	11.627	6.325	3.795
b290	54.877	10.213	6.325	1.581
b207	54.877	11.794	6.633	3.317
b227	61.510	10.213	5.477	1.826
b216	61.510	12.039	5.627	3.376
b269	67.137	10.213	8.000	2.000
b189	67.137	12.213	4.163	3.122
b265	71.301	12.213	5.164	3.098
b295	76.465	10.213	2.550	5.099
b261	79.014	10.213	2.550	5.099
b164	81.564	10.213	10.646	3.194
b221	81.564	13.407	7.483	1.871
b174	5.406	15.422	4.000	4.000
b186	5.406	19.422	4.000	6.000
b296	5.406	25.422	3.651	2.739
b264	5.406	28.161	4.000	6.000
b287	5.406	34.161	3.969	5.292
b154	5.406	39.452	2.449	3.674
b233	7.856	39.452	1.443	3.464
b183	5.406	43.127	3.873	7.746
b232	5.406	50.873	3.916	5.874
b217	5.406	56.746	3.830	5.745
b223	5.406	62.491	3.651	2.739
b172	5.406	65.229	1.500	6.000
b250	6.906	65.229	2.500	10.000
b194	9.406	15.422	1.500	6.000
b294	9.406	21.422	1.658	6.633
b229	11.065	15.422	3.969	6.803
b214	15.033	15.422	1.658	6.633
b150	16.692	15.422	4.123	4.123
b268	16.692	19.545	4.163	3.122
b149	20.855	15.422	5.657	4.243
b151	20.855	19.665	6.000	3.000
b85	26.855	15.422	8.907	3.817
b291	26.855	19.239	8.641	3.240
b156	35.762	15.422	3.830	2.872
b226	35.762	18.295	3.708	4.045
b119	39.592	15.422	5.385	5.385
b195	39.592	20.807	5.477	1.826
b180	45.069	15.422	4.243	4.243
b157	45.069	19.665	4.000	3.000
b199	49.311	15.422	10.198	2.550
b161	49.311	17.972	10.801	4.629
b298	60.113	15.422	6.429	4.822
b140	60.113	20.244	6.325	1.897
b167	66.542	15.422	7.874	3.937
b238	66.542	19.359	7.638	3.273
b254	74.416	15.422	2.708	2.954
b93	74.416	18.376	2.708	4.062
b187	77.124	15.422	7.303	4.382
b286	84.427	15.422	7.528	4.517
b283	77.124	19.939	1.826	2.739
b170	78.950	19.939	10.954	2.739
b159	11.065	22.677	5.745	5.745
b142	16.809	22.677	3.916	5.874
b155	20.725	22.677	1.414	5.657
b152	22.139	22.677	1.323	5.292
b225	23.462	22.677	7.394	5.545
b106	30.856	22.677	1.826	5.477
b28	32.682	22.677	5.066	1.382
b274	32.682	24.059	5.164	3.098
b50	32.682	27.158	5.066	1.382
b205	37.846	22.677	1.414	5.657
b251	39.260	22.677	5.831	5.831
b200	45.091	22.677	12.166	3.041
b198	45.091	25.719	7.483	2.806
b73	52.574	25.719	4.655	2.793
b181	57.256	22.677	3.416	5.855
b282	60.672	22.677	5.331	5.815
b160	66.003	22.677	1.826	5.477
b168	67.828	22.677	3.916	5.874
b134	71.744	22.677	7.024	5.268
b127	78.768	22.677	4.330	5.774
b175	83.098	22.677	4.899	1.225
b171	83.098	23.902	9.165	2.291
b212	83.098	26.194	9.165	2.291
b114	11.065	28.551	9.661	3.623
b124	11.065	32.174	4.787	5.222
b112	15.852	32.174	3.464	5.196
b158	19.316	32.174	1.323	5.292
b197	11.065	37.465	3.162	7.589
b40	14.227	37.465	2.646	7.937
b176	16.873	37.465	3.808	7.616
b148	11.065	45.403	3.464	2.598
b130	14.529	45.403	6.000	3.000
b139	11.065	48.403	4.546	6.819
b96	15.611	48.403	5.123	6.831
b105	11.065	55.234	3.354	8.050
b100	11.065	63.284	3.391	13.565
b182	14.456	55.234	2.887	8.660
b196	14.456	63.894	3.122	12.490
b177	17.578	55.234	2.958	11.832
b128	17.578	67.066	3.109	9.327
b131	20.734	28.551	11.547	4.330
b133	32.281	28.551	3.536	4.243
b26	35.817	28.551	5.657	2.121
b208	35.817	30.672	5.888	2.208
b102	41.705	28.551	8.124	4.062
b90	49.829	28.551	6.583	3.950
b146	56.411	28.551	8.602	4.301
b144	65.014	28.551	3.240	4.320
b147	68.254	28.551	6.952	4.171
b137	75.206	28.551	3.240	4.320
b91	78.447	28.551	5.292	3.969
b258	83.738	28.551	8.367	4.183
b219	20.734	32.881	2.236	5.367
b135	20.734	38.248	2.309	6.928
b239	20.734	45.176	2.291	9.165
b169	20.734	54.341	2.345	9.381
b178	20.734	63.722	2.309	3.464
b122	20.734	67.186	2.236	8.944
b117	23.079	32.881	2.814	6.753
b115	25.893	32.881	4.899	3.674
b145	25.893	36.556	4.830	2.898
b11	30.792	32.881	3.391	6.782
b107	34.183	32.881	4.282	2.569
b129	34.183	35.450	4.243	4.243
b99	38.465	32.881	3.830	4.178
b203	38.465	37.059	3.651	2.739
b98	42.295	32.881	1.658	6.633
b191	43.953	32.881	3.291	3.950
b165	43.953	36.831	3.000	3.000
b59	47.244	32.881	11.690	3.507
b118	47.244	36.388	11.402	3.421
b97	58.935	32.881	4.830	2.898
b113	58.935	35.780	5.164	3.873
b25	64.099	32.881	8.794	3.298
b120	64.099	36.179	8.367	3.586
b84	72.893	32.881	4.472	6.708
b179	77.365	32.881	5.196	6.928
b166	82.561	32.881	9.661	2.898
b95	82.561	35.780	9.416	4.036
b41	23.079	39.831	3.266	4.899
b34	26.345	39.831	1.633	4.899
b81	27.978	39.831	2.345	4.690
b14	30.324	39.831	4.491	4.899
b136	34.814	39.831	2.345	4.690
b82	37.160	39.831	4.491	4.899
b132	41.650	39.831	3.571	4.761
b87	45.221	39.831	10.801	4.629
b77	56.022	39.831	3.571	4.761
b75	59.593	39.831	8.246	2.062
b61	59.593	41.893	11.314	2.828
b141	70.907	39.831	4.082	4.899
b125	74.989	39.831	9.487	4.743
b126	84.476	39.831	1.528	4.583
b138	86.003	39.831	6.000	4.500
b188	23.079	44.730	7.528	4.517
b163	30.607	44.730	3.764	4.517
b162	23.079	49.247	4.163	3.122
b71	27.243	49.247	7.071	3.536
b62	23.079	52.782	3.082	12.329
b153	23.079	65.111	2.693	10.770
b108	26.162	52.782	5.745	5.745
b58	31.906	52.782	2.500	6.000
b72	26.162	58.782	2.533	4.342
b67	28.695	58.782	2.533	4.342
b45	31.228	58.782	3.240	4.320
b123	26.162	63.125	5.033	3.775
b80	31.195	63.125	3.291	3.950
b89	26.162	67.074	2.236	8.944
b2	28.398	67.074	6.110	2.291
b94	28.398	69.366	1.871	7.483
b8	30.269	69.366	2.449	7.348
b64	32.718	69.366	1.732	6.928
b210	34.508	44.730	1.414	5.657
b53	34.508	50.387	1.581	6.325
b101	36.089	44.730	2.500	10.000
b54	36.089	54.730	2.449	9.798
b121	38.589	44.730	2.739	10.954
b21	38.589	55.684	2.693	10.770
b104	41.328	44.730	4.320	3.240
b35	45.648	44.730	2.449	3.266
b52	48.098	44.730	5.164	3.098
b18	53.262	44.730	13.266	3.317
b206	66.528	44.730	10.646	3.194
b16	77.174	44.730	13.266	3.317
b39	41.328	48.047	4.000	1.000
b103	41.328	49.047	3.969	6.803
b10	45.296	49.047	1.658	6.633
b13	41.328	55.850	3.512	10.536
b38	44.839	55.850	2.236	4.472
b30	44.839	60.322	2.082	6.245
b86	41.328	66.567	5.477	7.303
b78	41.328	73.870	5.657	2.828
b63	47.075	48.047	3.082	12.329
b83	47.075	60.375	2.958	11.832
b23	50.158	48.047	6.110	2.619
b68	56.268	48.047	10.770	2.693
b3	67.038	48.047	8.124	2.708
b60	75.162	48.047	5.477	2.739
b37	80.639	48.047	3.266	2.449
b79	83.905	48.047	8.307	2.769
b17	50.158	50.815	3.416	10.247
b33	50.158	61.062	3.464	13.856
b31	53.622	50.815	6.708	4.025
b143	53.622	54.840	6.481	2.160
b109	60.330	50.815	12.845	3.503
b15	60.330	54.319	4.472	2.683
b69	64.802	54.319	8.307	2.769
b76	73.175	50.815	5.244	6.293
b57	78.419	50.815	13.808	3.766
b7	78.419	54.581	9.798	2.449
b4	53.622	57.108	12.961	3.240
b88	66.583	57.108	9.487	3.162
b27	76.070	57.108	10.801	3.240
b65	86.871	57.108	2.160	3.240
b43	53.622	60.349	3.559	5.339
b110	53.622	65.687	3.559	10.677
b0	57.181	60.349	3.651	2.739
b46	57.181	63.087	3.742	1.604
b66	57.181	64.691	3.830	11.489
b24	61.011	60.349	3.162	3.162
b111	61.011	63.511	3.055	2.291
b1	61.011	65.802	3.162	3.162
b22	61.011	68.965	3.162	7.589
b70	64.173	60.349	2.062	8.246
b44	64.173	68.595	1.936	7.746
b19	66.234	60.349	3.559	5.339
b47	66.234	65.687	3.606	10.817
b5	69.840	60.349	2.041	4.899
b55	69.840	65.248	2.179	8.718
b51	72.019	60.349	1.225	4.899
b29	73.244	60.349	5.164	3.873
b12	73.244	64.222	5.164	1.549
b6	78.408	60.349	4.472	5.367
b48	82.880	60.349	8.981	2.449
b42	82.880	62.798	9.000	3.000
b20	72.019	65.798	3.464	1.732
b56	72.019	67.530	3.708	8.899
b116	75.727	65.798	3.606	3.606
b49	75.727	69.404	3.674	7.348
b92	79.402	65.798	12.780	3.834
b32	79.402	69.632	1.581	6.325
b36	80.983	69.632	2.814	6.753
b74	83.797	69.632	4.761	7.141
b9	88.557	69.632	3.606	7.211
