name	x	y	w	h
b20	0.000	0.000	4.725	5.292
b51	4.725	0.000	15.100	5.563
b98	19.824	0.000	10.198	5.491
b95	30.022	0.000	7.368	5.158
b18	37.390	0.000	12.739	5.573
b91	50.129	0.000	12.739	5.573
b53	62.868	0.000	7.071	4.950
b22	69.940	0.000	12.282	5.374
b40	82.222	0.000	5.385	5.385
b87	87.607	0.000	12.189	5.333
b90	99.796	0.000	7.368	5.158
b63	107.164	0.000	8.018	5.612
b17	115.182	0.000	20.000	5.600
b92	0.000	5.612	8.246	2.062
b62	0.000	7.674	13.565	3.391
b68	0.000	11.065	11.650	8.155
b37	11.650	11.065	4.660	8.155
b12	16.310	11.065	6.944	7.777
b70	23.253	11.065	5.587	8.233
b79	0.000	19.299	13.142	7.077
b42	13.142	19.299	15.639	6.842
b1	0.000	26.375	5.025	20.100
b97	5.025	26.375	4.416	9.511
b5	5.025	35.886	4.590	12.853
b86	9.615	26.375	13.180	5.766
b7	22.795	26.375	5.745	5.745
b13	9.615	32.141	6.381	17.866
b50	15.996	32.141	7.256	9.234
b69	15.996	41.376	7.258	8.129
b60	23.254	32.141	5.745	5.745
b55	23.254	37.886	5.619	12.102
b59	28.999	5.612	4.359	17.436
b2	28.999	23.048	4.359	17.436
b85	33.358	5.612	1.732	6.928
b4	33.358	12.541	2.000	8.000
b75	35.358	5.612	3.464	6.062
b38	38.822	5.612	12.536	3.989
b61	38.822	9.601	8.944	2.236
b89	51.357	5.612	12.101	3.388
b33	51.357	9.001	10.954	2.739
b21	63.458	5.612	19.581	6.230
b80	83.039	5.612	4.855	6.179
b81	87.894	5.612	13.180	5.766
b28	101.075	5.612	10.468	5.636
b6	111.542	5.612	4.773	6.075
b49	116.316	5.612	19.011	6.049
b39	35.358	11.843	5.445	15.245
b44	35.358	27.088	5.523	22.091
b66	40.880	11.843	7.917	17.052
b73	40.880	28.895	7.512	21.033
b47	48.797	11.843	4.637	18.547
b96	48.797	30.390	4.583	18.330
b36	53.434	11.843	5.025	20.100
b43	53.434	31.943	4.500	18.000
b0	58.459	11.843	11.314	4.950
b3	69.773	11.843	13.980	5.150
b26	83.752	11.843	16.248	5.170
b52	100.000	11.843	18.992	5.318
b93	118.993	11.843	16.440	5.231
b56	58.459	17.161	2.598	10.392
b76	58.459	27.553	2.673	7.483
b57	58.459	35.036	2.872	11.489
b16	61.331	17.161	4.359	17.436
b19	61.331	34.596	3.708	14.832
b94	65.690	17.161	4.743	13.282
b14	65.690	30.442	4.873	19.494
b67	70.564	17.161	4.093	16.371
b41	70.564	33.532	3.841	15.362
b65	74.656	17.161	16.557	6.100
b64	91.213	17.161	15.716	5.790
b54	106.930	17.161	8.106	5.675
b72	115.036	17.161	20.874	5.845
b29	74.656	23.261	4.472	12.522
b71	74.656	35.783	4.668	13.069
b30	79.324	23.261	2.398	9.592
b25	81.722	23.261	5.806	10.161
b31	79.324	33.422	8.062	4.341
b82	79.324	37.763	8.279	12.200
b10	87.602	23.261	4.342	7.599
b11	87.602	30.860	4.717	18.868
b74	92.319	23.261	4.416	9.511
b32	92.319	32.772	4.301	17.205
b24	96.735	23.261	6.478	7.255
b8	96.735	30.516	6.601	18.482
b34	103.336	23.261	11.613	5.081
b99	114.949	23.261	20.976	5.244
b58	103.336	28.505	12.867	4.741
b15	116.204	28.505	18.868	4.717
b9	103.336	33.246	3.625	6.344
b23	103.336	39.590	3.684	10.315
b83	107.020	33.246	2.639	5.684
b45	107.020	38.930	2.739	10.954
b78	109.759	33.246	4.855	6.179
b84	109.759	39.425	4.818	10.377
b27	114.614	33.246	9.381	2.985
b88	123.995	33.246	11.832	2.958
b35	114.614	36.230	3.240	12.961
b46	117.854	36.230	6.866	4.806
b48	117.854	41.037	7.036	8.954
b77	124.890	36.230	10.637	13.538
