name	x	y	w	h
b172	0.000	0.000	10.583	2.646
b163	0.000	2.646	13.874	5.550
b186	13.874	0.000	3.597	6.394
b140	13.874	6.394	3.742	1.871
b197	17.616	0.000	10.161	5.806
b181	17.616	5.806	9.592	2.398
b196	27.777	0.000	7.953	2.892
b144	27.777	2.892	7.649	3.399
b182	27.777	6.291	7.746	1.936
b161	35.730	0.000	4.437	4.733
b180	35.730	4.733	4.330	3.464
b188	40.167	0.000	7.246	4.830
b138	40.167	4.830	7.348	3.266
b96	47.516	0.000	10.488	3.814
b169	47.516	3.814	10.724	4.290
b187	58.240	0.000	2.437	7.797
b191	60.676	0.000	12.961	4.320
b130	73.638	0.000	16.852	4.213
b150	60.676	4.320	3.623	3.864
b171	64.299	4.320	10.874	3.954
b173	75.173	4.320	8.617	3.830
b178	83.790	4.320	6.708	1.789
b184	83.790	6.109	6.481	2.160
b139	0.000	8.275	8.602	4.301
b153	8.602	8.275	6.000	3.000
b155	8.602	11.275	4.899	1.225
b190	14.602	8.275	10.607	4.243
b123	25.209	8.275	3.992	4.258
b104	29.201	8.275	7.483	4.276
b149	36.684	8.275	7.649	2.353
b137	36.684	10.628	7.500	2.000
b143	44.333	8.275	16.432	4.382
b195	60.765	8.275	7.483	4.276
b175	68.248	8.275	3.491	4.297
b168	71.739	8.275	7.599	4.342
b160	79.338	8.275	3.742	4.276
b198	83.080	8.275	7.483	4.276
b194	0.000	12.657	4.031	16.125
b170	0.000	28.781	3.969	9.071
b189	4.031	12.657	2.398	9.592
b127	4.031	22.248	2.179	8.718
b154	6.429	12.657	16.248	4.062
b92	22.677	12.657	9.000	4.000
b193	31.677	12.657	16.125	4.031
b145	47.802	12.657	13.370	4.114
b82	61.171	12.657	9.247	4.110
b118	70.418	12.657	12.124	4.041
b117	82.542	12.657	8.000	4.000
b177	6.429	16.770	6.000	4.000
b176	12.429	16.770	6.928	1.732
b183	12.429	18.502	9.381	2.345
b192	21.810	16.770	5.745	3.830
b199	27.554	16.770	12.124	4.041
b167	39.679	16.770	6.000	4.000
b157	45.679	16.770	4.743	3.795
b142	50.422	16.770	11.124	4.045
b141	61.547	16.770	7.874	3.937
b164	69.421	16.770	7.874	3.937
b121	77.295	16.770	13.000	4.000
b166	6.429	20.848	4.000	4.000
b159	6.429	24.848	4.176	7.424
b179	6.429	32.271	4.062	16.248
b89	6.429	48.519	1.936	7.746
b174	8.366	48.519	2.372	7.589
b113	6.429	56.265	4.337	9.914
b165	6.429	66.179	4.287	11.431
b107	10.766	20.848	3.373	7.709
b131	14.139	20.848	3.373	7.709
b99	17.512	20.848	10.392	2.598
b86	17.512	23.446	3.969	5.292
b65	21.480	23.446	6.708	5.367
b147	28.189	20.848	4.183	3.347
b135	28.189	24.194	4.330	4.619
b158	32.519	20.848	6.837	2.486
b110	32.519	23.334	6.708	5.367
b126	39.356	20.848	5.969	6.367
b111	39.356	27.214	5.809	1.549
b136	45.325	20.848	8.246	2.062
b185	45.325	22.909	8.573	2.449
b156	45.325	25.359	8.515	3.406
b162	53.898	20.848	3.606	3.606
b148	53.898	24.453	3.742	4.276
b129	57.640	20.848	15.875	4.536
b51	57.640	25.383	13.711	3.428
b152	73.514	20.848	4.937	7.899
b116	78.451	20.848	11.832	4.733
b90	78.451	25.580	12.093	3.225
b61	10.766	28.813	7.071	5.657
b91	10.766	34.470	4.975	8.844
b70	15.741	34.470	2.121	8.485
b146	10.766	43.314	7.071	5.657
b88	10.766	48.971	3.279	13.115
b84	14.045	48.971	3.775	15.100
b101	10.766	64.071	5.087	13.565
b98	15.853	64.071	1.936	7.746
b128	17.863	28.813	2.828	11.314
b93	17.863	40.127	2.872	11.489
b108	20.735	28.813	3.750	4.000
b120	24.485	28.813	6.000	4.000
b124	30.485	28.813	4.873	3.899
b109	35.358	28.813	2.500	4.000
b151	37.858	28.813	4.000	4.000
b112	41.858	28.813	7.746	3.873
b100	49.604	28.813	6.000	4.000
b114	55.604	28.813	6.874	3.928
b115	62.478	28.813	10.000	4.000
b103	72.478	28.813	9.618	3.847
b95	82.096	28.813	8.000	4.000
b77	20.735	32.813	1.871	7.483
b122	22.606	32.813	7.583	6.066
b125	22.606	38.879	7.348	2.449
b60	30.189	32.813	7.550	5.033
b76	30.189	37.846	1.732	3.464
b74	31.921	37.846	5.766	3.295
b27	37.738	32.813	6.538	2.906
b47	37.738	35.719	2.291	5.237
b75	40.030	35.719	4.153	5.538
b102	44.277	32.813	6.519	5.215
b0	44.277	38.028	6.481	3.240
b37	50.796	32.813	5.745	2.089
b52	50.796	34.902	5.612	6.414
b83	56.541	32.813	3.062	8.165
b87	59.602	32.813	7.365	4.209
b119	59.602	37.022	7.365	4.209
b20	66.968	32.813	11.489	2.872
b46	78.457	32.813	9.192	2.828
b55	66.968	35.685	8.124	2.708
b133	66.968	38.393	2.121	2.828
b134	69.089	38.393	5.831	2.915
b72	75.092	35.685	7.071	5.657
b105	82.163	35.685	8.396	5.598
b85	20.735	41.342	9.798	6.532
b79	20.735	47.874	9.682	2.582
b38	20.735	50.456	9.644	3.215
b25	20.735	53.671	9.695	4.848
b45	20.735	58.518	8.718	2.179
b64	20.735	60.698	5.031	16.100
b66	25.766	60.698	4.677	7.483
b97	25.766	68.181	2.795	8.944
b44	28.561	68.181	2.000	8.000
b18	30.561	41.342	4.323	5.320
b67	30.561	46.663	4.257	13.624
b59	30.561	60.286	4.359	17.436
b23	34.920	41.342	9.487	3.795
b62	44.407	41.342	15.492	3.873
b43	59.899	41.342	13.096	3.742
b71	72.995	41.342	13.360	3.817
b7	34.920	45.215	2.291	9.165
b48	34.920	54.380	2.398	9.592
b73	37.318	45.215	2.500	10.000
b33	37.318	55.215	2.449	9.798
b80	39.818	45.215	5.657	1.414
b29	39.818	46.629	8.000	2.000
b53	47.818	45.215	3.211	3.425
b31	51.029	45.215	6.633	3.317
b16	57.663	45.215	4.330	3.464
b54	61.993	45.215	7.500	3.333
b35	69.493	45.215	5.196	3.464
b106	74.689	45.215	13.856	3.464
b12	39.818	48.679	3.674	14.697
b50	39.818	63.376	3.536	14.142
b68	43.492	48.679	2.739	10.954
b58	43.492	59.634	2.646	10.583
b94	46.231	48.679	3.354	2.683
b63	46.231	51.363	3.269	5.812
b24	46.231	57.174	3.373	4.151
b3	46.231	61.325	3.410	9.092
b81	46.231	70.418	3.391	6.782
b39	49.640	48.679	3.354	13.416
b22	49.640	62.096	3.041	12.166
b11	52.994	48.679	4.243	4.243
b19	57.237	48.679	3.122	4.163
b17	60.360	48.679	7.365	4.209
b30	67.725	48.679	4.123	4.123
b132	71.848	48.679	5.244	4.195
b9	77.092	48.679	13.491	4.151
b28	52.994	52.922	5.250	12.000
b1	52.994	64.922	5.196	5.196
b26	52.994	70.118	5.178	7.532
b78	58.244	52.922	4.743	8.433
b15	58.244	61.355	4.809	15.388
b34	63.053	52.922	2.550	10.198
b69	63.053	63.120	2.550	10.198
b5	65.603	52.922	10.817	3.606
b2	76.419	52.922	13.829	3.688
b21	65.603	56.610	4.366	13.971
b42	65.603	70.581	4.330	6.928
b14	69.969	56.610	4.183	3.347
b57	74.152	56.610	9.950	3.317
b56	84.102	56.610	6.325	3.162
b6	69.969	59.956	4.583	3.055
b8	69.969	63.011	4.743	3.795
b10	69.969	66.806	4.770	10.902
b32	74.739	59.956	3.182	8.485
b4	74.739	68.442	3.354	8.944
b36	78.093	59.956	3.122	3.843
b40	78.093	63.799	3.202	12.806
b13	81.294	59.956	4.387	17.550
b49	85.682	59.956	3.354	13.416
b41	89.036	59.956	1.581	6.325
