name	x	y	w	h
b40	0.000	0.000	10.770	2.693
b23	0.000	2.693	12.329	3.082
b92	0.000	5.775	8.246	2.062
b52	0.000	7.836	17.817	5.669
b43	17.817	7.836	13.607	5.953
b86	0.000	13.789	14.363	5.292
b1	14.363	13.789	17.817	5.669
b76	0.000	19.458	3.964	5.045
b83	3.964	19.458	3.190	4.702
b54	7.155	19.458	9.243	4.977
b74	16.397	19.458	8.832	4.756
b57	25.229	19.458	6.866	4.806
b19	0.000	24.503	10.107	5.442
b72	10.107	24.503	22.091	5.523
b60	0.000	30.026	11.489	2.872
b46	11.489	30.026	11.489	2.872
b91	0.000	32.898	14.938	4.753
b51	14.938	32.898	17.321	4.850
b62	0.000	37.748	13.565	3.391
b35	13.565	37.748	12.961	3.240
b68	0.000	41.139	18.420	5.158
b55	18.420	41.139	13.586	5.005
b71	0.000	46.297	15.620	3.905
b67	15.620	46.297	16.371	4.093
b50	0.000	50.389	16.371	4.093
b48	16.371	50.389	15.875	3.969
b38	0.000	54.482	10.690	4.677
b11	10.690	54.482	18.868	4.717
b58	0.000	59.199	14.760	4.133
b32	14.760	59.199	17.205	4.301
b61	0.000	63.500	4.472	4.472
b30	4.472	63.500	5.732	4.012
b56	10.204	63.500	6.211	4.347
b6	16.415	63.500	7.339	3.952
b10	23.754	63.500	7.829	4.215
b2	0.000	67.972	13.180	5.766
b99	13.180	67.972	18.593	5.916
b97	0.000	73.889	7.746	5.422
b8	7.746	73.889	22.091	5.523
b81	0.000	79.411	15.455	4.918
b59	15.455	79.411	15.455	4.918
b21	0.000	84.329	20.874	5.845
b87	20.874	84.329	10.987	5.916
b94	0.000	90.245	15.000	4.200
b3	15.000	90.245	16.971	4.243
b14	0.000	94.487	16.058	5.916
b79	16.058	94.487	15.888	5.853
b27	0.000	100.404	3.606	7.766
b75	3.606	100.404	4.330	4.850
b37	7.936	100.404	7.368	5.158
b24	15.304	100.404	9.343	5.031
b95	24.646	100.404	7.368	5.158
b78	3.606	105.561	10.954	2.739
b45	14.560	105.561	10.954	2.739
b4	25.514	105.561	6.047	2.646
b70	0.000	108.300	9.243	4.977
b65	9.243	108.300	20.100	5.025
b26	0.000	113.325	15.100	5.563
b64	15.100	113.325	16.912	5.381
b93	0.000	118.888	17.525	4.907
b22	17.525	118.888	14.402	4.583
b5	0.000	123.795	13.617	4.333
b96	13.617	123.795	18.330	4.583
b29	0.000	128.377	14.967	3.742
b12	14.967	128.377	14.697	3.674
b0	0.000	132.119	13.266	4.221
b16	13.266	132.119	17.436	4.359
b98	0.000	136.478	11.314	4.950
b36	11.314	136.478	20.100	5.025
b69	0.000	141.503	13.617	4.333
b47	13.617	141.503	18.547	4.637
b17	0.000	146.140	6.325	17.709
b13	0.000	163.848	5.339	21.354
b73	0.000	185.203	6.285	25.140
b53	6.325	146.140	11.832	2.958
b88	18.157	146.140	11.832	2.958
b41	6.325	149.098	12.655	4.662
b34	18.979	149.098	12.655	4.662
b85	6.325	153.760	2.360	5.084
b42	8.685	153.760	20.688	5.172
b25	6.325	158.932	15.362	3.841
b89	21.687	158.932	10.549	3.887
b90	6.325	162.819	8.401	4.523
b39	14.725	162.819	17.217	4.821
b63	6.325	167.639	11.052	4.072
b28	17.376	167.639	14.516	4.064
b9	6.325	171.711	3.268	7.038
b31	9.592	171.711	4.873	7.182
b66	14.466	171.711	17.566	7.685
b80	6.325	179.396	3.273	9.165
b84	9.598	179.396	5.345	9.354
b18	14.943	179.396	16.852	4.213
b15	14.943	183.609	16.725	5.321
b44	6.325	188.931	5.523	22.091
b7	11.847	188.931	5.092	6.481
b82	16.939	188.931	15.194	6.647
b33	11.847	195.578	10.954	2.739
b20	22.802	195.578	9.449	2.646
b77	11.847	198.317	19.770	7.284
b49	11.847	205.601	20.266	5.675
