name	x	y	w	h
b147	0.000	0.000	6.633	2.111
b153	6.633	0.000	8.485	2.121
b172	0.000	2.121	4.000	7.000
b144	4.000	2.121	6.094	4.266
b162	4.000	6.387	5.940	2.188
b154	0.000	9.121	6.692	9.862
b173	6.692	9.121	3.433	9.612
b189	0.000	18.984	3.625	6.344
b175	3.625	18.984	2.639	5.684
b196	6.264	18.984	3.625	6.344
b159	0.000	25.328	4.209	7.365
b190	4.209	25.328	5.946	7.568
b127	0.000	32.896	4.359	4.359
b151	0.000	37.255	4.000	4.000
b158	4.359	32.896	2.062	8.246
b174	6.420	32.896	3.761	4.786
b184	6.420	37.682	3.742	3.742
b103	0.000	41.424	5.392	6.862
b198	5.392	41.424	4.660	6.867
b169	0.000	48.291	8.106	5.675
b178	8.106	48.291	2.070	5.797
b186	0.000	54.087	9.592	2.398
b165	0.000	56.485	4.183	11.713
b129	0.000	68.199	4.243	16.971
b119	4.243	56.485	5.568	5.568
b188	4.243	62.053	5.916	5.916
b161	4.243	67.969	2.291	9.165
b145	6.534	67.969	3.708	14.832
b199	10.242	2.121	12.410	3.949
b179	22.652	2.121	16.248	4.062
b191	38.900	2.121	13.266	4.221
b143	52.166	2.121	16.971	4.243
b170	69.137	2.121	9.071	3.969
b167	10.242	6.364	3.703	6.481
b171	13.945	6.364	6.196	6.940
b176	20.142	6.364	1.732	6.928
b156	21.874	6.364	4.071	7.124
b193	25.944	6.364	9.636	6.745
b78	35.581	6.364	5.606	7.135
b142	41.187	6.364	6.339	7.099
b180	47.525	6.364	2.315	6.481
b160	49.840	6.364	2.390	6.693
b157	52.230	6.364	2.535	7.099
b136	54.766	6.364	2.464	6.899
b146	57.230	6.364	5.606	7.135
b183	62.836	6.364	3.196	6.884
b128	66.032	6.364	11.314	2.828
b194	66.032	9.192	15.236	4.266
b148	10.242	13.499	3.546	4.513
b141	13.788	13.499	6.655	4.658
b122	20.442	13.499	10.254	4.486
b152	30.696	13.499	8.510	4.583
b155	39.207	13.499	1.464	4.099
b187	40.671	13.499	4.119	4.613
b185	44.789	13.499	4.583	4.583
b150	49.372	13.499	3.082	4.542
b197	52.454	13.499	12.655	4.662
b163	65.109	13.499	16.583	4.643
b123	10.242	18.161	3.396	5.005
b126	13.638	18.161	7.368	5.158
b138	21.006	18.161	4.629	5.185
b117	25.635	18.161	11.314	2.828
b98	25.635	20.990	5.855	2.562
b182	31.491	20.990	5.855	2.562
b192	37.346	18.161	4.158	5.292
b135	41.504	18.161	8.944	2.236
b104	41.504	20.397	10.029	3.191
b166	51.532	18.161	7.559	2.117
b97	51.532	20.278	7.559	3.307
b74	59.092	18.161	7.181	2.646
b63	59.092	20.807	7.181	2.646
b58	66.273	18.161	5.292	5.292
b177	71.564	18.161	9.798	2.449
b140	71.564	20.611	2.345	2.985
b181	73.910	20.611	7.901	2.911
b77	10.242	23.596	7.071	1.980
b130	10.242	25.575	6.941	10.229
b164	10.242	35.804	5.568	5.568
b80	15.810	35.804	1.414	5.657
b132	10.242	41.461	3.864	5.694
b149	14.106	41.461	3.207	5.612
b107	10.242	47.155	3.047	8.532
b110	13.289	47.155	4.088	8.806
b72	10.242	55.961	5.210	7.678
b137	15.452	55.961	1.936	7.746
b118	10.242	63.707	7.000	7.000
b71	10.242	70.707	3.571	14.283
b121	13.813	70.707	3.606	14.422
b115	17.418	23.596	11.952	3.347
b106	29.371	23.596	13.856	3.464
b73	43.227	23.596	7.559	3.307
b195	50.786	23.596	9.320	3.434
b88	60.106	23.596	13.115	3.279
b139	17.418	27.060	4.598	8.047
b131	17.418	35.106	4.520	5.752
b94	17.418	40.859	4.536	1.984
b65	17.418	42.843	4.536	7.937
b62	17.418	50.780	4.629	12.961
b50	17.418	63.742	4.226	11.832
b113	17.418	75.574	4.468	9.624
b70	22.047	27.060	7.521	2.393
b44	22.047	29.453	7.559	2.117
b116	29.607	27.060	12.329	4.542
b100	41.936	27.060	8.685	2.763
b133	41.936	29.823	3.338	1.797
b111	45.274	29.823	5.318	1.692
b83	50.620	27.060	5.976	4.183
b55	56.597	27.060	5.606	3.924
b76	62.203	27.060	1.464	4.099
b81	63.667	27.060	5.732	4.012
b84	69.399	27.060	12.438	4.583
b91	22.047	31.642	5.014	8.775
b68	27.062	31.642	3.273	9.165
b96	30.335	31.642	4.309	9.282
b168	34.644	31.642	3.433	9.612
b17	38.077	31.642	8.418	3.683
b43	38.077	35.325	8.367	5.857
b8	46.495	31.642	8.018	2.245
b86	46.495	33.887	3.122	6.725
b52	49.618	33.887	4.943	7.284
b109	54.560	31.642	2.605	3.839
b89	54.560	35.481	2.639	5.684
b125	57.199	31.642	2.121	8.485
b18	59.320	31.642	5.732	4.012
b101	65.053	31.642	16.613	4.153
b112	59.320	35.796	5.477	5.477
b99	64.798	35.796	4.910	5.499
b85	69.708	35.796	12.095	5.292
b67	22.047	41.295	3.808	15.232
b15	22.047	56.526	4.301	17.205
b53	26.349	41.295	1.658	6.633
b95	28.007	41.295	4.660	6.867
b105	32.667	41.295	6.856	6.856
b46	39.522	41.295	3.854	6.745
b87	43.377	41.295	4.586	6.759
b75	47.963	41.295	3.625	6.344
b108	51.589	41.295	2.315	6.481
b102	53.903	41.295	5.169	6.578
b93	59.072	41.295	4.732	6.974
b64	63.804	41.295	18.000	4.500
b48	63.804	45.795	9.592	2.398
b14	73.396	45.795	6.164	2.271
b120	26.349	48.268	2.449	9.798
b114	28.798	48.268	2.598	10.392
b4	26.349	58.661	4.855	6.179
b23	26.349	64.840	4.943	7.284
b134	26.349	72.123	2.062	8.246
b66	28.410	72.123	2.958	11.832
b69	31.396	48.268	3.854	6.745
b40	31.396	55.014	3.827	10.714
b21	31.396	65.728	3.905	15.620
b92	35.301	48.268	3.000	12.000
b42	35.301	60.268	2.739	10.954
b29	38.301	48.268	6.047	2.646
b19	44.349	48.268	4.914	2.646
b33	38.301	50.914	2.928	8.198
b124	41.229	50.914	8.238	2.307
b54	41.229	53.221	4.119	6.070
b79	45.348	53.221	4.119	6.070
b12	38.301	59.290	11.110	4.861
b51	38.301	64.151	4.097	11.472
b82	38.301	75.623	4.200	9.047
b37	42.502	64.151	6.928	1.732
b34	42.502	65.883	6.949	3.742
b25	42.502	69.625	3.428	13.711
b2	45.929	69.625	3.571	14.283
b26	49.500	48.268	11.802	3.305
b49	61.302	48.268	13.416	3.354
b57	49.500	51.622	11.489	2.872
b3	60.989	51.622	11.136	2.784
b30	49.500	54.495	4.123	4.123
b1	49.500	58.618	4.606	5.862
b6	49.500	64.480	4.472	3.130
b13	49.500	67.610	4.387	17.550
b24	54.106	54.495	4.472	3.130
b35	54.106	57.625	2.121	8.485
b0	56.227	57.625	2.291	9.165
b41	54.106	66.790	4.309	2.320
b28	54.106	69.111	3.969	15.875
b59	58.578	54.495	16.475	4.613
b38	75.053	54.495	6.655	4.658
b47	58.578	59.153	3.464	3.464
b16	58.578	62.617	3.660	4.099
b9	58.578	66.716	3.742	14.967
b36	62.320	59.153	3.464	3.464
b10	65.784	59.153	14.422	3.606
b7	62.320	62.759	8.124	2.585
b32	70.444	62.759	10.392	2.598
b31	62.320	65.357	2.803	7.849
b20	62.320	73.205	2.872	11.489
b5	65.192	65.357	11.071	3.523
b56	76.263	65.357	5.345	3.742
b22	65.192	69.098	3.635	10.178
b27	65.192	79.277	3.591	5.292
b11	68.827	69.098	5.782	3.113
b45	74.609	69.098	6.590	2.883
b39	68.827	72.212	12.677	3.550
b61	68.827	75.761	12.649	3.162
b60	68.827	78.923	12.329	3.082
b90	68.827	82.006	12.490	3.122
