name	x	y	w	h
b166	0.000	0.000	2.000	8.000
b193	2.000	0.000	8.062	8.062
b122	10.062	0.000	5.362	8.579
b139	15.424	0.000	4.809	7.694
b170	20.233	0.000	4.743	7.589
b173	24.976	0.000	11.489	2.872
b194	24.976	2.872	12.748	5.099
b176	37.724	0.000	6.928	1.732
b105	37.724	1.732	6.856	6.856
b189	44.652	0.000	9.592	2.398
b155	44.652	2.398	1.225	4.899
b181	45.877	2.398	7.583	3.033
b114	45.877	5.431	8.216	3.286
b160	54.244	0.000	4.000	4.000
b161	54.244	4.000	4.583	4.583
b159	58.826	0.000	5.568	5.568
b120	58.826	5.568	7.746	3.098
b178	66.572	0.000	3.464	3.464
b164	70.036	0.000	8.803	3.521
b198	78.840	0.000	11.314	2.828
b145	66.572	3.521	11.726	4.690
b132	78.298	3.521	9.381	2.345
b195	78.298	5.867	11.314	2.828
b154	2.000	8.717	4.062	16.248
b106	2.000	24.965	3.464	13.856
b197	2.000	38.822	3.841	15.362
b179	2.000	54.184	4.062	16.248
b191	2.000	70.432	3.742	14.967
b146	6.062	8.717	10.000	4.000
b128	16.062	8.717	5.657	5.657
b163	21.719	8.717	13.874	5.550
b156	35.593	8.717	8.515	3.406
b125	35.593	12.123	8.485	2.121
b143	44.108	8.717	13.416	5.367
b147	57.524	8.717	3.742	3.742
b133	57.524	12.459	3.873	1.549
b157	61.397	8.717	3.354	5.367
b124	64.751	8.717	3.446	5.514
b151	68.198	8.717	3.162	5.060
b184	71.360	8.717	2.958	4.733
b134	74.318	8.717	8.246	2.062
b165	74.318	10.779	14.000	3.500
b131	6.062	14.374	2.550	10.198
b149	6.062	24.572	2.121	8.485
b158	8.612	14.374	8.246	2.062
b175	8.612	16.436	7.746	1.936
b190	16.858	14.374	13.416	3.354
b62	30.274	14.374	15.492	3.873
b138	45.766	14.374	7.746	3.098
b126	53.512	14.374	9.747	3.899
b199	63.259	14.374	14.000	3.500
b95	77.259	14.374	8.944	3.578
b196	8.612	18.372	9.592	2.398
b123	8.612	20.770	8.246	2.062
b180	18.203	18.372	3.873	3.873
b183	22.076	18.372	9.381	2.345
b127	22.076	20.718	8.718	2.179
b186	31.457	18.372	7.583	3.033
b185	39.040	18.372	4.583	4.583
b144	43.622	18.372	10.198	2.550
b182	43.622	20.922	7.746	1.936
b130	53.820	18.372	16.852	4.213
b168	70.673	18.372	9.083	3.633
b188	79.756	18.372	9.354	3.742
b153	8.612	22.955	2.121	8.485
b192	8.612	31.440	2.345	9.381
b172	10.957	22.955	8.367	3.347
b86	10.957	26.302	7.246	2.898
b169	19.323	22.955	13.565	3.391
b142	19.323	26.346	13.416	3.354
b101	32.888	22.955	16.613	4.153
b135	32.888	27.108	7.071	2.828
b104	39.959	27.108	11.314	2.828
b96	51.273	22.955	6.325	6.325
b23	57.597	22.955	12.000	3.000
b187	69.597	22.955	6.892	2.757
b103	76.489	22.955	12.166	3.041
b92	57.597	25.996	9.487	3.795
b141	67.084	25.996	8.803	3.521
b171	75.888	25.996	13.115	3.279
b115	10.957	29.937	3.162	12.649
b116	14.119	29.937	5.916	9.466
b174	14.119	39.402	4.243	4.243
b98	10.957	43.645	6.124	2.449
b140	17.080	43.645	2.646	2.646
b118	10.957	46.291	5.534	8.854
b91	10.957	55.145	5.244	8.390
b162	16.491	46.291	2.850	4.561
b78	16.491	50.851	3.162	12.649
b87	10.957	63.536	4.402	7.043
b90	10.957	70.578	3.122	12.490
b148	15.358	63.536	2.000	8.000
b47	17.358	63.536	1.732	6.928
b109	15.358	71.536	1.581	6.325
b152	16.940	71.536	3.122	12.490
b177	20.062	29.937	7.746	3.098
b31	20.062	33.035	7.416	2.966
b150	20.062	36.001	7.483	1.871
b60	20.062	37.872	6.164	6.164
b53	26.226	37.872	1.658	6.633
b97	20.062	44.506	2.500	10.000
b56	22.562	44.506	4.472	4.472
b58	22.562	48.978	5.292	5.292
b100	20.062	54.506	7.746	3.098
b88	20.062	57.604	3.279	13.115
b107	20.062	70.719	2.550	10.198
b8	23.341	57.604	2.121	8.485
b108	25.462	57.604	1.936	7.746
b74	23.341	66.089	4.359	4.359
b121	23.341	70.448	3.606	14.422
b68	27.885	29.937	4.330	6.928
b61	32.215	29.937	6.325	6.325
b80	38.539	29.937	1.414	5.657
b137	39.954	29.937	3.062	4.899
b112	43.016	29.937	4.330	6.928
b57	47.346	29.937	4.541	7.266
b12	51.887	29.937	7.348	7.348
b37	59.236	29.937	1.732	6.928
b79	60.968	29.937	3.953	6.325
b167	64.921	29.937	7.746	3.098
b46	64.921	33.035	8.062	3.225
b72	72.983	29.937	12.649	3.162
b129	72.983	33.099	16.971	4.243
b63	27.885	37.342	2.179	8.718
b111	27.885	46.059	1.500	6.000
b67	30.064	37.342	3.808	15.232
b71	30.064	52.573	3.571	14.283
b136	33.872	37.342	2.062	8.246
b64	35.934	37.342	14.230	5.692
b119	35.934	43.034	11.136	2.784
b84	50.164	37.342	11.937	4.775
b42	50.164	42.116	8.660	3.464
b41	58.824	42.116	3.162	3.162
b65	62.101	37.342	6.000	6.000
b6	62.101	43.342	5.916	2.366
b70	68.101	37.342	2.121	8.485
b77	70.223	37.342	3.742	3.742
b44	70.223	41.083	3.162	5.060
b34	73.964	37.342	4.031	6.450
b69	77.995	37.342	10.198	2.550
b30	77.995	39.891	3.260	5.215
b48	81.255	39.891	9.592	2.398
b110	81.255	42.289	9.487	3.795
b81	33.872	46.143	4.796	4.796
b75	38.668	46.143	4.796	4.796
b28	43.464	46.143	15.875	3.969
b43	59.338	46.143	11.068	4.427
b113	70.406	46.143	10.368	4.147
b18	80.775	46.143	9.592	2.398
b55	80.775	48.541	9.381	2.345
b102	33.872	50.939	2.915	11.662
b0	33.872	62.601	2.291	9.165
b22	33.872	71.766	3.041	12.166
b93	36.914	50.939	2.872	11.489
b117	36.914	62.428	2.828	11.314
b73	39.786	50.939	2.500	10.000
b83	39.786	60.939	2.500	10.000
b85	42.286	50.939	4.000	16.000
b10	42.286	66.939	3.606	14.422
b99	46.286	50.939	8.216	3.286
b89	54.502	50.939	6.124	2.449
b82	60.625	50.939	12.329	3.082
b4	72.954	50.939	10.954	2.739
b27	83.909	50.939	6.892	2.757
b14	46.286	54.225	5.916	2.366
b76	46.286	56.591	4.899	1.225
b17	46.286	57.816	5.568	5.568
b1	46.286	63.384	5.196	5.196
b45	46.286	68.580	4.359	4.359
b52	46.286	72.939	3.000	12.000
b66	49.286	72.939	2.958	11.832
b94	52.244	54.225	4.743	1.897
b38	52.244	56.122	5.568	5.568
b54	52.244	61.690	5.000	5.000
b33	52.244	66.690	2.449	9.798
b29	52.244	76.488	2.000	8.000
b36	54.693	66.690	2.739	4.382
b26	54.693	71.072	3.122	12.490
b51	57.816	54.225	3.428	13.711
b9	57.816	67.936	3.742	14.967
b21	61.557	54.225	15.620	3.905
b25	77.178	54.225	13.711	3.428
b40	61.557	58.130	3.202	12.806
b2	61.557	70.936	3.571	14.283
b7	65.128	58.130	2.291	9.165
b5	65.128	67.295	3.122	12.490
b3	68.251	58.130	4.402	7.043
b15	68.251	65.173	4.301	17.205
b16	72.652	58.130	1.936	7.746
b35	74.589	58.130	2.121	8.485
b20	76.710	58.130	11.489	2.872
b50	76.710	61.002	14.142	3.536
b39	76.710	64.538	13.416	3.354
b59	72.652	67.892	4.359	17.436
b19	77.011	67.892	3.606	3.606
b49	77.011	71.498	3.354	13.416
b24	80.617	67.892	7.483	1.871
b11	80.617	69.763	8.485	2.121
b32	80.617	71.884	2.598	10.392
b13	83.215	71.884	6.937	11.100
