name	x	y	w	h
b77	0.000	0.000	7.937	18.142
b93	0.000	18.142	7.331	11.730
b92	0.000	29.873	7.433	2.287
b63	0.000	32.160	6.708	6.708
b42	0.000	38.868	8.178	13.084
b75	0.000	51.952	2.291	9.165
b99	2.291	51.952	5.244	20.976
b73	8.178	0.000	8.314	19.004
b82	16.492	0.000	5.025	20.100
b95	21.517	0.000	3.082	12.329
b91	24.599	0.000	6.661	10.658
b96	24.599	10.658	7.246	11.593
b84	31.845	0.000	4.677	10.690
b70	31.845	10.690	4.486	10.254
b1	36.522	0.000	18.118	5.575
b49	54.639	0.000	21.448	5.362
b21	76.087	0.000	22.091	5.523
b40	36.522	5.575	4.854	5.974
b19	36.522	11.549	4.905	11.212
b85	41.427	5.575	2.739	4.382
b88	41.427	9.956	2.958	11.832
b59	44.385	5.575	4.359	17.436
b62	48.744	5.575	12.227	3.762
b60	60.971	5.575	9.083	3.633
b80	70.054	5.575	8.660	3.464
b87	78.714	5.575	16.125	4.031
b24	48.744	9.606	3.428	13.711
b47	52.172	9.606	18.547	4.637
b86	70.719	9.606	17.436	4.359
b16	52.172	14.243	13.784	5.514
b29	52.172	19.756	14.967	3.742
b35	67.139	14.243	8.573	4.899
b45	67.139	19.142	7.246	4.140
b83	75.712	14.243	1.936	7.746
b65	77.648	14.243	20.100	5.025
b46	77.648	19.268	7.599	4.342
b34	85.248	19.268	13.847	4.261
b76	8.178	23.610	3.536	5.657
b94	8.178	29.267	3.969	15.875
b97	8.178	45.141	3.240	12.961
b50	12.146	23.610	4.093	16.371
b69	12.146	39.981	3.841	15.362
b37	16.239	23.610	12.329	3.082
b90	16.239	26.692	12.329	3.082
b7	28.568	23.610	10.356	3.187
b78	28.568	26.797	9.874	3.038
b58	38.924	23.610	10.332	5.904
b68	49.256	23.610	15.411	6.164
b51	64.667	23.610	14.491	5.797
b72	79.158	23.610	19.912	6.127
b14	16.239	29.835	4.873	19.494
b36	16.239	49.328	5.025	20.100
b32	21.264	29.835	4.301	17.205
b48	21.264	47.039	3.969	15.875
b81	25.565	29.835	15.716	4.836
b54	25.565	34.671	13.565	3.391
b39	25.565	38.062	12.052	6.887
b33	37.617	38.062	4.330	6.928
b26	25.565	44.990	16.523	5.084
b18	25.565	50.074	4.213	16.852
b66	29.778	50.074	5.809	23.238
b64	35.588	50.074	6.310	14.422
b89	35.588	64.496	5.772	7.104
b57	42.088	29.835	5.745	5.745
b2	47.832	29.835	13.784	5.514
b31	61.616	29.835	5.916	5.916
b52	67.533	29.835	18.118	5.575
b23	85.650	29.835	12.329	3.082
b20	85.650	32.917	10.000	2.500
b12	42.088	35.751	3.674	14.697
b22	42.088	50.448	4.062	16.248
b53	46.150	35.751	5.916	5.916
b38	52.066	35.751	9.354	5.345
b27	61.420	35.751	4.770	5.870
b3	66.190	35.751	13.416	5.367
b30	79.606	35.751	3.791	6.066
b79	83.398	35.751	15.248	6.099
b74	46.150	41.850	5.123	8.198
b8	46.150	50.048	5.523	22.091
b41	51.673	41.850	3.841	15.362
b71	51.673	57.212	3.905	15.620
b61	55.578	41.850	4.472	4.472
b43	55.578	46.322	4.500	18.000
b9	55.578	64.322	4.323	5.320
b28	60.078	41.850	6.924	8.521
b98	67.001	41.850	5.916	9.466
b56	72.917	41.850	3.437	7.856
b44	76.354	41.850	22.091	5.523
b55	76.354	47.373	16.492	4.123
b6	60.078	51.496	10.770	2.693
b15	60.078	54.188	4.717	18.868
b17	64.795	54.188	7.000	16.000
b25	71.795	51.496	15.362	3.841
b10	87.157	51.496	9.083	3.633
b4	71.795	55.336	3.606	4.438
b11	75.400	55.336	18.868	4.717
b0	71.795	60.053	4.950	11.314
b67	76.744	60.053	16.371	4.093
b13	76.744	64.146	21.354	5.339
b5	76.744	69.485	15.362	3.841
