name	x	y	w	h
b199	0.000	0.000	9.260	5.292
b198	9.260	0.000	5.657	5.657
b158	14.917	0.000	3.260	5.215
b183	18.177	0.000	3.708	5.933
b142	21.885	0.000	8.874	5.071
b187	30.759	0.000	3.446	5.514
b178	34.205	0.000	2.291	5.237
b193	36.496	0.000	10.665	6.094
b157	47.161	0.000	3.354	5.367
b181	50.516	0.000	3.791	6.066
b146	54.307	0.000	12.649	3.162
b160	54.307	3.162	6.325	2.530
b125	60.632	3.162	6.708	2.683
b182	67.340	0.000	2.562	5.855
b170	69.902	0.000	10.817	3.328
b186	80.718	0.000	7.583	3.033
b177	69.902	3.328	8.832	2.717
b196	78.733	3.328	8.646	2.660
b173	0.000	6.094	9.083	3.633
b97	9.083	6.094	6.614	3.780
b175	15.697	6.094	3.873	3.873
b167	19.570	6.094	6.481	3.703
b179	26.051	6.094	16.248	4.062
b155	42.299	6.094	1.620	3.703
b118	43.919	6.094	12.619	3.883
b191	56.539	6.094	14.967	3.742
b107	71.505	6.094	6.745	3.854
b149	78.251	6.094	5.612	3.207
b136	0.000	10.157	2.062	8.246
b162	0.000	18.403	1.803	7.211
b152	2.062	10.157	4.937	7.899
b95	6.999	10.157	3.742	8.552
b164	2.062	18.709	5.019	6.177
b192	7.080	18.709	3.708	5.933
b172	2.062	24.886	5.292	5.292
b174	7.353	24.886	3.354	5.367
b185	2.062	30.252	4.131	5.084
b138	6.192	30.252	4.416	5.435
b139	2.062	35.687	4.809	7.694
b144	6.870	35.687	3.373	7.709
b176	2.062	43.396	4.583	2.619
b109	6.644	43.396	4.183	2.390
b190	2.062	46.015	3.354	13.416
b168	2.062	59.431	2.872	11.489
b189	5.416	46.015	3.791	6.066
b140	9.207	46.015	1.323	5.292
b188	5.416	52.081	5.333	6.563
b114	5.416	58.644	5.196	5.196
b151	5.416	63.841	5.292	3.024
b194	5.416	66.864	5.333	12.189
b166	10.827	10.157	8.000	2.000
b100	10.827	12.157	8.832	2.717
b106	10.827	14.874	9.165	5.237
b195	10.827	20.111	8.944	3.578
b121	10.827	23.689	9.539	5.451
b126	10.827	29.140	4.873	7.797
b57	15.701	29.140	4.541	7.266
b73	10.827	36.937	4.507	5.547
b159	15.334	36.937	5.019	6.177
b197	10.827	43.114	5.081	11.613
b153	15.908	43.114	4.243	4.243
b141	15.908	47.357	4.402	7.043
b145	10.827	54.727	4.905	11.212
b171	15.733	54.727	4.337	9.914
b115	10.827	65.939	3.162	12.649
b163	13.990	65.939	5.804	13.266
b148	20.367	10.157	2.000	8.000
b82	22.367	10.157	4.873	7.797
b120	27.240	10.157	3.240	7.407
b156	30.481	10.157	3.562	8.142
b134	34.043	10.157	2.727	6.234
b184	36.770	10.157	1.871	7.483
b93	38.641	10.157	5.745	5.745
b180	38.641	15.901	6.124	2.449
b165	44.764	10.157	11.068	4.427
b169	44.764	14.584	12.227	3.762
b128	56.991	10.157	10.198	3.138
b105	56.991	13.294	10.840	4.336
b135	67.831	10.157	4.472	4.472
b45	67.831	14.629	5.766	3.295
b127	73.597	10.157	2.883	6.590
b154	76.480	10.157	12.845	5.138
b110	76.480	15.295	12.000	3.000
b116	20.367	18.351	3.742	14.967
b131	20.367	33.317	4.031	6.450
b88	20.367	39.767	4.337	9.914
b150	20.367	49.681	3.742	3.742
b75	20.367	53.423	4.323	5.320
b161	20.367	58.743	4.131	5.084
b67	20.367	63.827	3.808	15.232
b91	24.704	18.351	3.317	13.266
b70	28.021	18.351	2.806	6.414
b123	28.021	24.765	2.727	6.234
b103	24.704	31.617	3.041	12.166
b72	27.746	31.617	3.162	12.649
b111	24.704	44.266	2.704	3.328
b119	24.704	47.594	2.784	11.136
b98	24.704	58.730	2.562	5.855
b87	24.704	64.585	2.784	11.136
b122	27.488	44.266	3.391	13.565
b69	27.488	57.831	3.373	7.709
b39	27.488	65.540	3.354	13.416
b130	30.908	18.351	16.852	4.213
b143	47.760	18.351	16.971	4.243
b71	30.908	22.593	9.447	5.398
b132	30.908	27.992	9.381	2.345
b5	40.355	22.593	4.937	7.899
b78	45.292	22.593	8.367	4.781
b46	45.292	27.374	8.062	3.225
b117	53.659	22.593	5.099	6.276
b133	53.659	28.869	4.899	1.225
b74	58.758	22.593	7.858	2.418
b89	58.758	25.011	3.062	4.899
b38	61.820	25.011	5.568	5.568
b84	67.387	22.593	7.550	7.550
b85	74.937	22.593	14.422	4.438
b94	74.937	27.031	2.704	3.328
b90	77.641	27.031	11.258	3.464
b108	30.908	30.599	3.873	3.873
b124	30.908	34.472	3.929	4.836
b137	30.908	39.308	3.873	3.873
b48	30.908	43.181	3.791	6.066
b55	30.908	49.247	3.708	5.933
b21	30.908	55.180	3.905	15.620
b17	30.908	70.801	3.683	8.418
b113	34.837	30.599	10.368	4.147
b56	45.205	30.599	4.472	4.472
b37	49.677	30.599	2.739	4.382
b63	52.416	30.599	4.359	4.359
b112	56.775	30.599	7.246	4.140
b129	64.020	30.599	15.297	4.707
b86	79.317	30.599	9.165	2.291
b81	79.317	32.890	9.592	2.398
b20	34.837	35.306	7.599	4.342
b36	34.837	39.648	6.928	1.732
b30	42.436	35.306	6.519	2.608
b33	42.436	37.913	6.481	3.703
b43	48.955	35.306	14.000	3.500
b66	48.955	38.806	11.832	2.958
b76	62.955	35.306	2.449	2.449
b99	65.405	35.306	10.392	2.598
b27	75.797	35.306	7.858	2.418
b83	62.955	37.904	6.614	3.780
b18	69.570	37.904	6.344	3.625
b14	75.914	37.904	3.742	3.742
b92	79.656	37.904	9.487	3.795
b7	34.837	41.764	2.291	9.165
b54	37.128	41.764	9.014	2.774
b65	37.128	44.537	9.487	3.795
b31	37.128	48.332	9.381	2.345
b4	46.615	41.764	4.937	6.076
b24	46.615	47.840	4.950	2.828
b51	51.565	41.764	6.856	6.856
b6	51.565	48.620	6.745	2.075
b96	58.420	41.764	11.402	3.508
b147	69.822	41.764	3.742	3.742
b77	73.564	41.764	3.742	3.742
b49	77.305	41.764	12.093	3.721
b50	58.420	45.506	9.354	5.345
b101	67.775	45.506	13.134	5.254
b61	80.908	45.506	8.367	4.781
b68	34.837	50.929	5.477	5.477
b23	34.837	56.406	5.408	6.656
b15	34.837	63.063	5.690	13.005
b52	40.527	50.929	3.969	9.071
b44	40.527	60.000	4.000	4.000
b9	40.527	64.000	3.742	14.967
b47	44.527	50.929	4.583	2.619
b53	44.527	53.548	2.194	5.014
b19	46.721	53.548	2.385	5.451
b104	44.527	58.999	4.472	7.155
b79	44.527	66.154	4.507	5.547
b102	44.527	71.701	4.610	7.376
b40	49.137	50.929	3.202	12.806
b2	49.137	63.735	3.571	14.283
b3	52.707	50.929	2.784	11.136
b42	52.707	62.065	2.739	10.954
b28	55.491	50.929	14.309	4.403
b64	69.800	50.929	18.000	4.500
b62	55.491	55.429	6.124	9.798
b13	55.491	65.227	5.804	13.266
b80	61.615	55.429	2.550	3.138
b34	61.615	58.567	2.550	10.198
b11	61.615	68.765	2.121	8.485
b35	64.164	55.429	4.243	4.243
b58	64.164	59.672	4.183	6.693
b25	64.164	66.365	4.535	10.365
b26	68.699	55.429	11.258	3.464
b32	79.957	55.429	8.216	3.286
b22	68.699	58.893	3.041	12.166
b29	68.699	71.059	2.646	6.047
b41	71.740	58.893	2.850	3.508
b10	74.591	58.893	14.422	3.606
b16	71.740	62.499	6.124	2.449
b1	77.864	62.499	10.392	2.598
b60	71.740	65.097	11.113	3.419
b8	82.853	65.097	5.612	3.207
b59	71.740	68.516	17.436	4.359
b12	71.740	72.875	14.697	3.674
b0	71.740	76.549	9.165	2.291
