name	x	y	w	h
b172	0.000	0.000	7.000	4.000
b190	7.000	0.000	10.607	4.243
b143	17.607	0.000	16.971	4.243
b191	34.577	0.000	13.491	4.151
b146	48.068	0.000	9.487	4.216
b194	57.555	0.000	15.612	4.163
b170	0.000	4.243	3.674	9.798
b147	0.000	14.041	3.623	3.864
b192	0.000	17.905	3.518	6.254
b138	0.000	24.159	3.674	6.532
b152	0.000	30.691	3.491	11.171
b164	0.000	41.862	3.683	8.418
b161	0.000	50.280	3.623	5.797
b186	0.000	56.076	3.597	6.394
b187	0.000	62.471	3.614	5.257
b134	0.000	67.728	3.571	4.761
b171	0.000	72.489	3.666	11.730
b189	3.683	4.243	2.937	7.832
b95	6.620	4.243	4.243	7.542
b198	10.862	4.243	7.483	4.276
b166	10.862	8.519	4.472	3.578
b178	15.334	8.519	3.354	3.578
b157	18.688	4.243	4.743	3.795
b176	18.688	8.037	4.583	2.619
b155	18.688	10.656	4.743	1.265
b158	23.432	4.243	6.519	2.608
b175	23.432	6.850	6.423	2.335
b149	23.432	9.186	6.364	2.828
b159	29.951	4.243	7.365	4.209
b182	29.951	8.451	7.246	2.070
b109	29.951	10.522	6.325	1.581
b185	37.317	4.243	3.437	6.110
b133	37.317	10.353	3.464	1.732
b179	40.781	4.243	16.248	4.062
b123	40.781	8.305	4.610	3.688
b153	45.390	8.305	5.196	3.464
b183	50.587	8.305	6.205	3.546
b163	57.029	4.243	9.811	7.849
b193	66.839	4.243	13.370	4.862
b188	66.839	9.104	11.832	2.958
b177	3.683	12.103	8.124	2.954
b144	3.683	15.057	8.062	3.225
b140	11.807	12.103	3.969	1.764
b174	11.807	13.867	4.108	4.382
b116	15.915	12.103	9.165	6.110
b74	25.080	12.103	5.339	3.559
b184	25.080	15.662	5.292	2.646
b154	30.418	12.103	15.199	4.342
b137	30.418	16.445	7.746	1.936
b150	38.164	16.445	7.246	1.932
b122	45.617	12.103	7.583	6.066
b181	53.200	12.103	3.791	6.066
b145	56.991	12.103	9.083	6.055
b168	66.074	12.103	5.374	6.141
b121	71.448	12.103	8.832	5.888
b131	3.683	18.382	3.824	6.799
b126	3.683	25.180	3.775	10.066
b120	3.683	35.247	3.674	6.532
b197	3.683	41.779	3.841	15.362
b132	3.683	57.141	3.708	5.933
b199	3.683	63.074	3.500	14.000
b139	7.523	18.382	7.450	4.967
b86	14.973	18.382	3.969	5.292
b135	18.942	18.382	3.873	5.164
b196	22.815	18.382	4.323	5.320
b63	27.138	18.382	8.155	2.330
b167	27.138	20.712	8.124	2.954
b151	35.292	18.382	3.000	5.333
b91	38.292	18.382	8.775	5.014
b125	47.067	18.382	3.354	5.367
b88	50.421	18.382	8.031	5.354
b124	58.453	18.382	3.614	5.257
b165	62.067	18.382	9.260	5.292
b169	71.327	18.382	8.972	5.127
b105	7.523	23.748	6.180	7.606
b69	7.523	31.354	4.596	5.657
b94	12.119	31.354	1.677	5.367
b156	7.523	37.011	4.854	5.974
b80	12.377	37.011	1.414	5.657
b115	7.523	42.985	3.873	10.328
b148	11.396	42.985	2.449	6.532
b111	11.396	49.517	2.372	3.795
b130	7.523	53.313	6.320	11.235
b129	7.523	64.548	6.000	12.000
b51	7.523	76.548	6.180	7.606
b117	13.846	23.748	5.477	5.842
b128	19.323	23.748	5.477	5.842
b100	13.846	29.591	8.832	2.717
b76	22.678	29.591	2.208	2.717
b142	13.846	32.308	3.750	12.000
b101	17.596	32.308	7.194	9.592
b136	17.596	41.900	7.141	2.380
b78	13.846	44.308	4.183	9.562
b42	18.029	44.308	3.062	9.798
b66	21.091	44.308	3.623	9.661
b162	13.846	54.106	3.122	4.163
b173	16.968	54.106	7.599	4.342
b141	13.846	58.449	5.391	5.750
b195	19.237	58.449	5.657	5.657
b35	13.846	64.199	3.354	5.367
b118	13.846	69.566	3.500	14.000
b59	17.346	64.199	7.550	10.066
b119	17.346	74.265	3.112	9.960
b98	20.458	74.265	1.936	7.746
b83	22.395	74.265	2.500	10.000
b97	24.896	23.748	3.536	7.071
b87	28.431	23.748	7.874	3.937
b54	28.431	27.685	7.500	3.333
b65	36.305	23.748	10.817	3.328
b180	36.305	27.077	3.873	3.873
b99	40.178	27.077	6.874	3.928
b93	47.122	23.748	11.489	2.872
b127	47.122	26.621	4.359	4.359
b112	51.481	26.621	6.708	4.472
b70	58.611	23.748	2.598	6.928
b15	61.209	23.748	17.205	4.301
b104	61.209	28.050	10.583	3.024
b46	71.792	28.050	8.456	3.075
b60	24.896	31.124	5.557	6.839
b26	24.896	37.963	3.491	11.171
b53	28.387	37.963	2.194	5.014
b108	28.387	42.977	2.165	6.928
b57	24.896	49.906	5.562	5.933
b102	24.896	55.839	5.646	6.022
b113	24.896	61.861	5.679	7.572
b64	24.896	69.433	5.511	14.697
b77	30.580	31.124	4.583	3.055
b48	35.163	31.124	7.194	3.197
b81	42.357	31.124	7.194	3.197
b92	49.550	31.124	11.225	3.207
b79	60.775	31.124	7.906	3.162
b103	68.681	31.124	11.380	3.251
b106	30.580	34.376	5.196	9.238
b30	35.777	34.376	2.062	8.246
b9	30.580	43.613	3.742	14.967
b24	34.322	43.613	3.500	4.000
b96	34.322	47.613	3.536	11.314
b67	30.580	58.927	7.124	8.142
b58	30.580	67.069	7.000	4.000
b10	30.580	71.069	4.031	12.900
b72	34.612	71.069	3.162	12.649
b90	37.858	34.376	12.490	3.122
b110	50.348	34.376	11.619	3.098
b11	37.858	37.498	7.937	2.268
b7	45.795	37.498	9.165	2.291
b39	37.858	39.789	3.750	12.000
b28	41.608	39.789	5.250	12.000
b29	37.858	51.789	2.000	8.000
b12	39.858	51.789	6.874	7.856
b160	37.858	59.789	8.000	2.000
b20	37.858	61.789	9.083	3.633
b68	37.858	65.423	9.083	3.303
b62	37.858	68.726	6.423	9.342
b52	37.858	78.068	6.000	6.000
b19	44.280	68.726	2.550	5.099
b114	44.280	73.825	2.598	10.392
b89	46.941	39.789	3.623	4.140
b40	50.563	39.789	10.124	4.050
b4	60.688	39.789	7.246	4.140
b2	67.933	39.789	12.369	4.123
b107	46.941	43.930	4.228	6.150
b27	51.168	43.930	3.082	6.164
b75	54.251	43.930	3.791	6.066
b47	58.042	43.930	2.121	5.657
b49	60.163	43.930	7.500	6.000
b22	67.663	43.930	12.166	3.041
b5	67.663	46.971	12.490	3.122
b50	46.941	50.094	12.748	3.922
b85	59.688	50.094	16.000	4.000
b73	46.941	54.094	5.590	4.472
b32	52.531	54.094	5.809	4.648
b25	58.340	54.094	10.283	4.570
b71	68.624	54.094	11.292	4.517
b8	46.941	58.742	2.121	8.485
b55	46.941	67.227	2.345	9.381
b23	49.286	58.742	3.674	9.798
b84	49.286	68.540	3.775	15.100
b33	53.061	58.742	7.746	3.098
b61	60.807	58.742	12.649	3.162
b0	53.061	61.904	3.800	5.527
b21	53.061	67.431	3.905	15.620
b82	56.966	61.904	3.082	12.329
b38	56.966	74.233	3.112	9.960
b16	60.078	61.904	2.739	5.477
b34	60.078	67.381	2.850	9.121
b56	60.078	76.503	2.739	7.303
b6	62.929	61.904	7.483	1.871
b36	70.412	61.904	6.481	1.852
b14	62.929	63.775	2.646	5.292
b44	62.929	69.066	2.646	6.047
b41	62.929	75.114	2.622	3.814
b37	62.929	78.928	2.598	4.619
b17	65.574	63.775	3.937	7.874
b43	65.574	71.649	3.913	12.522
b1	69.511	63.775	10.392	2.598
b31	69.511	66.373	7.778	2.828
b45	69.511	69.201	7.858	2.418
b18	69.511	71.619	7.953	2.892
b13	69.511	74.511	7.910	9.735
b3	77.464	66.373	2.784	11.136
