name	x	y	w	h
b27	0.000	0.000	10.583	2.646
b33	0.000	2.646	5.477	5.477
b17	5.477	2.646	21.166	5.292
b44	26.643	2.646	22.091	5.523
b52	0.000	8.168	9.622	10.497
b8	0.000	18.665	9.566	12.754
b42	0.000	31.419	9.904	10.804
b29	0.000	42.223	5.292	10.583
b61	5.292	42.223	4.472	4.472
b56	5.292	46.695	4.500	6.000
b96	0.000	52.806	4.583	18.330
b30	4.583	52.806	4.796	4.796
b3	4.583	57.602	4.899	14.697
b64	0.000	72.299	4.770	19.079
b68	4.770	72.299	4.873	19.494
b32	0.000	91.793	9.933	7.450
b25	0.000	99.242	9.916	5.950
b88	0.000	105.192	9.661	3.623
b65	0.000	108.815	5.025	20.100
b43	5.025	108.815	4.500	18.000
b45	9.933	8.168	10.954	2.739
b78	20.888	8.168	10.954	2.739
b67	9.933	10.907	16.371	4.093
b98	26.304	10.907	14.329	3.908
b60	9.933	15.000	5.745	5.745
b15	9.933	20.744	6.090	14.615
b18	9.933	35.359	5.958	11.916
b76	9.933	47.276	5.774	3.464
b83	9.933	50.740	5.916	2.535
b16	9.933	53.275	5.627	13.506
b31	9.933	66.781	5.916	5.916
b77	9.933	72.697	6.000	24.000
b5	9.933	96.697	5.867	10.057
b49	9.933	106.754	5.362	21.448
b58	16.023	15.000	6.764	9.018
b4	22.787	15.000	2.000	8.000
b23	24.787	15.000	4.359	8.718
b36	29.145	15.000	11.605	8.703
b37	40.750	15.000	12.329	3.082
b57	40.750	18.082	11.489	2.872
b95	40.750	20.954	12.329	3.082
b91	16.023	24.036	11.916	5.958
b73	27.939	24.036	25.140	6.285
b39	16.023	30.321	18.221	4.555
b51	34.244	30.321	18.330	4.583
b66	16.023	34.904	21.213	6.364
b82	37.236	34.904	16.411	6.154
b41	16.023	41.268	15.362	3.841
b94	31.385	41.268	15.875	3.969
b69	16.023	45.236	13.304	4.435
b93	29.327	45.236	18.547	4.637
b12	16.023	49.873	14.697	3.674
b19	30.720	49.873	14.832	3.708
b24	16.023	53.581	13.711	3.428
b38	29.734	53.581	14.142	3.536
b70	16.023	57.117	5.538	8.307
b54	16.023	65.424	5.538	8.307
b71	16.023	73.730	5.523	11.045
b21	16.023	84.776	5.523	22.091
b46	16.023	106.866	5.500	6.000
b11	16.023	112.866	5.447	16.340
b86	21.560	57.117	15.916	4.775
b59	37.477	57.117	15.916	4.775
b50	21.560	61.892	12.503	5.359
b1	34.064	61.892	19.244	5.248
b47	21.560	67.250	15.144	5.679
b14	36.704	67.250	16.882	5.627
b62	21.560	72.929	7.832	5.874
b89	21.560	78.803	8.266	4.960
b63	29.827	72.929	12.247	3.674
b97	42.074	72.929	11.225	3.742
b53	29.827	76.671	5.123	6.831
b75	34.950	76.671	2.958	7.099
b20	37.908	76.671	3.536	7.071
b26	41.444	76.671	11.832	7.099
b92	21.560	83.770	2.915	5.831
b84	24.476	83.770	8.165	6.124
b28	32.641	83.770	9.916	5.950
b90	42.557	83.770	10.677	3.559
b9	42.557	87.329	9.592	2.398
b22	21.560	89.894	11.489	5.745
b13	33.050	89.894	20.445	5.576
b81	21.560	95.639	17.436	4.359
b34	38.996	95.639	14.024	4.207
b80	21.560	99.997	5.477	5.477
b72	21.560	105.475	5.523	22.091
b6	27.083	99.997	5.385	5.385
b99	32.468	99.997	20.976	5.244
b2	27.083	105.383	15.100	5.033
b0	42.183	105.383	11.431	4.899
b85	27.083	110.416	3.162	3.795
b74	27.083	114.211	3.240	12.961
b35	30.324	110.416	5.612	7.483
b48	30.324	117.899	5.612	11.225
b7	35.936	110.416	9.381	3.518
b40	45.317	110.416	8.226	3.525
b79	35.936	113.941	6.225	14.940
b87	42.161	113.941	11.402	5.701
b10	42.161	119.642	11.000	3.000
b55	42.161	122.642	10.646	6.387
