name	x	y	w	h
b73	0.000	0.000	6.285	25.140
b37	0.000	25.140	6.164	6.164
b85	0.000	31.304	6.245	1.922
b97	0.000	33.226	6.481	6.481
b89	0.000	39.706	3.202	12.806
b70	3.202	39.706	3.391	13.565
b55	0.000	53.271	6.519	10.431
b71	0.000	63.702	3.905	15.620
b80	3.905	63.702	2.739	10.954
b59	6.644	0.000	5.766	13.180
b93	6.644	13.180	6.134	14.020
b76	6.644	27.200	5.916	3.381
b51	6.644	30.581	6.062	13.856
b91	6.644	44.437	6.661	10.658
b52	6.644	55.096	6.647	15.194
b65	6.644	70.290	6.647	15.194
b95	13.305	0.000	5.557	6.839
b88	18.862	0.000	10.665	3.282
b90	18.862	3.282	9.747	3.899
b18	29.527	0.000	15.190	4.674
b60	29.527	4.674	11.489	2.872
b66	44.718	0.000	18.371	7.348
b84	63.089	0.000	7.071	7.071
b82	70.160	0.000	13.295	7.597
b78	13.305	7.597	10.954	2.739
b63	13.305	10.336	10.607	4.243
b56	13.305	14.578	10.392	2.598
b92	24.260	7.597	5.454	3.117
b45	24.260	10.714	4.937	6.076
b81	29.714	7.597	11.533	6.590
b53	29.714	14.187	11.832	2.958
b15	41.546	7.597	14.916	5.967
b24	41.546	13.564	13.711	3.428
b83	56.463	7.597	1.936	7.746
b49	58.399	7.597	21.448	5.362
b94	58.399	12.959	14.309	4.403
b62	72.708	12.959	10.724	4.290
b54	13.305	17.362	13.565	3.391
b17	13.305	20.753	14.000	8.000
b69	13.305	28.753	13.847	4.261
b46	13.305	33.014	11.489	2.872
b64	13.305	35.886	12.619	7.211
b86	13.305	43.097	13.784	5.514
b23	13.305	48.611	4.873	7.797
b50	18.179	48.611	8.185	8.185
b9	13.305	56.796	2.398	9.592
b87	15.703	56.796	6.374	10.198
b0	22.077	56.796	4.950	11.314
b31	15.703	68.110	2.958	11.832
b43	18.661	68.110	4.500	18.000
b58	23.161	68.110	3.905	15.620
b77	27.305	17.362	18.974	7.589
b39	46.279	17.362	12.052	6.887
b47	58.331	17.362	12.268	7.010
b36	70.599	17.362	13.295	7.597
b21	27.305	24.959	22.091	5.523
b44	49.396	24.959	22.091	5.523
b57	27.305	30.481	11.489	2.872
b6	38.794	30.481	10.770	2.693
b26	27.305	33.354	18.330	4.583
b67	45.635	33.354	14.756	4.540
b7	27.305	37.936	2.872	11.489
b74	30.177	37.936	8.573	4.899
b10	30.177	42.835	5.178	6.373
b30	35.356	42.835	3.791	6.066
b20	39.147	37.936	3.953	6.325
b61	39.147	44.261	4.031	4.961
b5	43.178	37.936	5.081	11.613
b42	48.259	37.936	16.355	6.542
b72	64.614	37.936	19.912	6.127
b79	48.259	44.478	19.287	4.822
b96	67.546	44.478	16.523	5.084
b27	27.305	49.562	7.000	4.000
b40	34.305	49.562	7.124	4.071
b3	41.429	49.562	16.971	4.243
b34	58.400	49.562	15.362	3.841
b13	27.305	53.805	7.062	16.142
b8	27.305	69.947	7.306	16.699
b98	34.611	53.805	11.832	4.733
b25	34.611	58.538	12.145	4.858
b19	34.611	63.396	11.726	4.690
b11	34.611	68.086	4.717	18.868
b32	39.328	68.086	4.301	17.205
b48	43.629	68.086	3.969	15.875
b28	47.598	53.805	12.145	4.858
b14	59.743	53.805	19.494	4.873
b99	47.598	58.678	20.976	5.244
b16	68.574	58.678	15.716	4.836
b35	47.598	63.922	12.961	3.240
b4	47.598	67.163	4.000	4.000
b22	47.598	71.163	4.062	16.248
b1	51.660	67.163	5.025	20.100
b41	56.685	67.163	3.841	15.362
b38	60.559	63.922	9.354	5.345
b2	60.559	69.268	4.359	17.436
b12	64.918	69.268	3.674	14.697
b29	69.913	63.922	3.742	14.967
b68	73.655	63.922	4.873	19.494
b33	78.528	63.922	2.739	10.954
b75	81.267	63.922	2.291	9.165
