name	x	y	w	h
b95	0.000	0.000	3.082	12.329
b91	3.082	0.000	14.938	4.753
b65	18.020	0.000	20.100	5.025
b69	38.120	0.000	12.655	4.662
b76	50.775	0.000	4.226	4.733
b80	55.000	0.000	6.547	4.583
b18	61.547	0.000	14.938	4.753
b41	76.485	0.000	12.655	4.662
b92	3.082	5.025	8.246	2.062
b82	3.082	7.086	20.100	5.025
b70	23.182	5.025	6.409	7.178
b56	29.591	5.025	3.928	6.874
b89	33.519	5.025	5.676	7.224
b22	39.194	5.025	9.710	6.797
b96	48.904	5.025	12.490	6.725
b66	61.394	5.025	19.142	7.052
b58	80.537	5.025	15.620	3.905
b62	80.537	8.930	13.565	3.391
b88	3.082	12.321	5.590	6.261
b52	8.672	12.321	16.557	6.100
b87	25.230	12.321	10.987	5.916
b79	36.217	12.321	14.580	6.379
b32	50.796	12.321	11.723	6.312
b48	62.519	12.321	10.817	5.824
b73	73.336	12.321	25.140	6.285
b23	3.082	18.700	4.200	9.047
b75	7.283	18.700	2.291	9.165
b5	3.082	27.865	6.327	9.325
b24	3.082	37.190	6.478	7.255
b45	3.082	44.445	6.547	4.583
b35	3.082	49.028	6.481	6.481
b72	3.082	55.508	6.601	18.482
b37	9.683	18.700	3.082	12.329
b97	9.683	31.029	3.240	12.961
b67	12.923	18.700	4.093	16.371
b55	12.923	35.071	4.123	16.492
b83	17.047	18.700	2.928	5.123
b93	19.974	18.700	16.440	5.231
b78	36.415	18.700	6.547	4.583
b86	42.961	18.700	15.455	4.918
b85	58.416	18.700	2.360	5.084
b84	60.777	18.700	9.636	5.189
b99	70.413	18.700	20.976	5.244
b59	17.047	23.944	8.238	9.226
b34	25.284	23.944	6.809	8.666
b94	32.093	23.944	7.036	8.954
b30	39.128	23.944	2.866	8.025
b63	41.994	23.944	5.071	8.874
b50	47.065	23.944	7.734	8.663
b54	54.800	23.944	11.174	4.117
b12	54.800	28.061	11.110	4.861
b36	65.974	23.944	12.012	8.408
b68	77.986	23.944	19.494	4.873
b81	77.986	28.817	17.436	4.359
b57	17.047	33.176	2.872	11.489
b10	17.047	44.665	2.872	11.489
b53	17.047	56.154	2.958	11.832
b4	20.005	33.176	8.000	2.000
b26	20.005	35.176	10.954	7.668
b74	20.005	42.844	10.677	3.934
b60	20.005	46.778	5.428	6.079
b21	20.005	52.857	5.523	22.091
b27	25.527	46.778	5.292	5.292
b17	25.527	52.070	5.292	21.166
b14	30.959	33.176	4.873	19.494
b44	30.959	52.670	5.523	22.091
b61	36.482	33.176	8.944	2.236
b90	36.482	35.412	10.928	3.477
b15	36.482	38.890	11.276	7.893
b77	36.482	46.783	6.000	24.000
b46	42.482	46.783	5.092	6.481
b49	42.482	53.263	5.362	21.448
b43	47.844	33.176	4.500	18.000
b0	47.844	51.176	4.472	12.522
b11	52.344	33.176	4.717	18.868
b28	52.344	52.044	4.590	12.853
b7	57.061	33.176	11.489	2.872
b31	68.550	33.176	11.832	2.958
b25	57.061	36.134	3.841	15.362
b98	57.061	51.497	3.742	14.967
b47	60.901	36.134	4.637	18.547
b51	60.901	54.682	4.583	18.330
b29	65.538	36.134	10.198	5.491
b8	75.736	36.134	22.091	5.523
b38	65.538	41.657	7.071	7.071
b64	72.609	41.657	13.000	7.000
b39	85.609	41.657	12.415	6.685
b16	65.538	48.728	16.475	4.613
b3	82.013	48.728	16.036	4.490
b20	65.538	53.341	4.119	6.070
b71	65.538	59.411	3.905	15.620
b6	69.657	53.341	2.693	10.770
b40	69.657	64.111	2.693	10.770
b1	72.349	53.341	5.025	20.100
b33	77.374	53.341	7.464	4.019
b19	77.374	57.360	3.708	14.832
b2	81.082	57.360	4.359	17.436
b42	85.441	53.341	5.172	20.688
b13	90.613	53.341	5.339	21.354
b9	95.952	53.341	2.398	9.592
