name	x	y	w	h
b41	0.000	0.000	6.924	8.521
b99	0.000	8.521	6.937	15.856
b65	6.937	0.000	7.945	12.712
b79	6.937	12.712	7.624	12.198
b9	14.882	0.000	4.323	5.320
b47	14.882	5.320	4.637	18.547
b56	19.519	0.000	4.108	6.573
b51	19.519	6.573	4.583	18.330
b31	24.102	0.000	4.677	7.483
b32	24.102	7.483	4.301	17.205
b66	28.779	0.000	7.685	17.566
b54	28.779	17.566	6.782	6.782
b14	36.464	0.000	8.786	10.813
b44	36.464	10.813	8.732	13.971
b18	45.250	0.000	5.573	12.739
b34	45.250	12.739	5.081	11.613
b19	50.823	0.000	5.863	9.381
b36	50.823	9.381	6.647	15.194
b43	57.470	0.000	9.000	9.000
b73	57.470	9.000	9.937	15.900
b80	67.408	0.000	4.330	6.928
b86	67.408	6.928	4.359	17.436
b96	71.767	0.000	8.261	10.168
b49	71.767	10.168	8.478	13.565
b39	80.245	0.000	9.110	9.110
b77	80.245	9.110	9.487	15.179
b57	89.731	0.000	2.872	11.489
b63	89.731	11.489	3.354	13.416
b12	93.085	0.000	3.674	14.697
b89	93.085	14.697	4.235	9.681
b4	97.321	0.000	5.292	3.024
b17	97.321	3.024	5.292	21.166
b74	102.612	0.000	4.287	9.798
b84	102.612	9.798	3.536	14.142
b92	106.899	0.000	4.123	4.123
b1	106.899	4.123	5.025	20.100
b30	111.924	0.000	4.796	4.796
b82	111.924	4.796	5.025	20.100
b67	116.949	0.000	5.414	12.375
b55	116.949	12.375	5.454	12.467
b29	122.403	0.000	3.742	14.967
b60	122.403	14.967	3.800	8.685
b3	126.203	0.000	8.485	8.485
b59	126.203	8.485	8.718	8.718
b6	126.203	17.203	4.257	6.812
b88	130.460	17.203	4.677	7.483
b48	135.137	0.000	6.275	10.040
b15	135.137	10.040	6.240	14.263
b76	141.412	0.000	8.062	2.481
b50	141.412	2.481	8.185	8.185
b10	141.412	10.666	7.599	4.342
b98	141.412	15.009	5.916	9.466
b75	147.328	15.009	2.291	9.165
b71	149.619	0.000	5.166	11.808
b28	149.619	11.808	5.081	11.613
b94	154.785	0.000	3.969	15.875
b53	154.785	15.875	3.913	8.944
b45	158.754	0.000	4.330	6.928
b2	158.754	6.928	4.359	17.436
b58	163.113	0.000	7.040	8.665
b42	163.113	8.665	6.842	15.639
b37	170.153	0.000	3.082	12.329
b95	170.153	12.329	3.082	12.329
b8	173.235	0.000	9.956	12.254
b21	173.235	12.254	9.956	12.254
b33	183.191	0.000	4.330	6.928
b16	183.191	6.928	4.359	17.436
b69	187.550	0.000	3.841	15.362
b78	187.550	15.362	3.623	8.281
b25	191.391	0.000	6.072	9.716
b52	191.391	9.716	6.647	15.194
b68	198.038	0.000	8.786	10.813
b72	198.038	10.813	8.732	13.971
b20	206.824	0.000	4.507	5.547
b23	206.824	5.547	4.873	7.797
b0	206.824	13.344	4.950	11.314
b90	211.774	0.000	4.077	9.320
b5	211.774	9.320	3.841	15.362
b11	215.851	0.000	6.240	14.263
b87	215.851	14.263	6.374	10.198
b62	222.225	0.000	4.486	10.254
b46	222.225	10.254	5.178	6.373
b97	222.225	16.627	5.123	8.198
b22	227.403	0.000	14.646	4.506
b64	227.403	4.506	15.083	6.033
b38	227.403	10.540	3.536	14.142
b35	230.938	10.540	11.683	3.595
b70	230.938	14.135	12.227	3.762
b93	230.938	17.897	12.268	7.010
b27	243.206	0.000	8.367	3.347
b24	251.573	0.000	13.711	3.428
b13	243.206	3.428	21.354	5.339
b61	243.206	8.766	7.071	2.828
b83	243.206	11.595	6.982	2.148
b81	243.206	13.743	6.892	11.027
b85	250.277	8.766	1.732	6.928
b26	252.009	8.766	12.124	6.928
b40	250.277	15.695	10.770	2.693
b91	250.277	18.387	11.147	6.370
b7	261.424	15.695	3.800	8.685
