name	x	y	w	h
b241	0.000	0.000	1.414	5.657
b279	1.414	0.000	8.832	4.416
b203	10.246	0.000	2.236	4.472
b270	12.482	0.000	4.000	2.000
b294	12.482	2.000	4.282	2.569
b297	16.764	0.000	6.000	4.500
b267	22.764	0.000	7.188	4.313
b273	29.952	0.000	7.746	1.936
b232	29.952	1.936	8.756	2.627
b243	38.708	0.000	10.312	2.812
b214	38.708	2.812	6.633	1.658
b283	45.341	2.812	3.162	1.581
b251	49.019	0.000	7.528	4.517
b299	56.547	0.000	1.000	4.000
b282	57.547	0.000	7.188	4.313
b291	64.735	0.000	6.110	4.583
b201	70.845	0.000	4.062	4.431
b295	74.907	0.000	7.211	1.803
b264	74.907	1.803	8.944	2.683
b298	83.852	1.803	11.136	2.784
b248	1.414	4.587	6.429	4.822
b278	7.843	4.587	2.550	5.099
b263	10.393	4.587	9.129	5.477
b268	19.522	4.587	6.583	1.975
b217	19.522	6.561	6.633	3.317
b269	26.155	4.587	7.303	2.191
b250	26.155	6.778	7.638	3.273
b189	33.792	4.587	5.099	2.550
b259	33.792	7.136	5.416	1.477
b210	33.792	8.613	5.416	1.477
b277	39.208	4.587	5.099	2.550
b226	39.208	7.136	5.477	2.739
b293	44.686	4.587	8.347	2.276
b289	44.686	6.863	8.641	3.240
b222	53.327	4.587	5.164	3.873
b154	53.327	8.460	5.477	1.643
b274	58.804	4.587	4.000	4.000
b260	58.804	8.587	4.000	1.500
b296	62.804	4.587	4.830	2.070
b265	62.804	6.657	4.619	3.464
b150	67.634	4.587	3.149	5.398
b286	70.783	4.587	10.100	3.367
b266	80.883	4.587	14.142	3.536
b211	70.783	8.122	2.582	1.936
b280	73.365	8.122	8.000	2.000
b254	81.365	8.122	4.000	2.000
b173	1.414	10.122	5.627	3.376
b272	1.414	13.499	2.887	6.928
b242	4.301	13.499	2.958	7.099
b238	1.414	20.598	3.227	7.746
b216	4.642	20.598	2.517	7.550
b229	1.414	28.344	4.243	6.364
b231	5.657	28.344	1.658	6.633
b285	1.414	34.977	2.236	4.472
b174	1.414	39.449	2.309	6.928
b221	1.414	46.377	2.160	6.481
b215	3.724	34.977	3.582	3.908
b200	3.724	38.885	3.512	10.536
b137	3.724	49.421	3.582	3.908
b256	1.414	53.329	5.292	1.323
b288	1.414	54.652	2.449	9.798
b249	1.414	64.450	2.345	9.381
b246	3.864	54.652	3.464	6.928
b255	3.864	61.580	3.240	12.961
b237	7.328	10.122	3.162	6.325
b262	10.490	10.122	4.472	6.708
b225	14.962	10.122	6.131	6.688
b271	21.093	10.122	3.742	6.414
b258	24.834	10.122	5.401	6.481
b235	30.235	10.122	3.742	6.414
b239	33.977	10.122	3.240	6.481
b220	37.217	10.122	3.894	6.676
b223	41.111	10.122	1.581	6.325
b287	42.693	10.122	5.916	3.550
b205	42.693	13.672	5.657	1.414
b195	42.693	15.086	5.774	1.732
b234	48.609	10.122	2.858	4.899
b253	48.609	15.021	2.887	1.732
b202	51.495	10.122	10.661	2.908
b247	51.495	13.030	8.775	3.761
b111	60.270	13.030	1.871	3.742
b124	62.157	10.122	5.774	4.330
b261	62.157	14.452	5.508	2.360
b141	67.930	10.122	4.472	4.472
b240	67.930	14.594	4.472	2.236
b227	72.403	10.122	1.581	6.325
b193	73.984	10.122	3.291	3.950
b179	77.275	10.122	9.165	3.928
b134	86.440	10.122	9.292	3.982
b284	73.984	14.104	5.477	2.739
b275	79.461	14.104	5.477	2.739
b88	84.938	14.104	10.954	2.739
b228	7.328	16.843	1.581	6.325
b290	7.328	23.167	1.581	6.325
b149	8.909	16.843	7.483	3.207
b194	8.909	20.050	6.000	1.500
b153	16.392	16.843	6.218	4.664
b212	22.611	16.843	4.583	4.583
b162	27.193	16.843	2.754	4.721
b204	29.947	16.843	7.188	4.313
b169	37.135	16.843	9.381	2.345
b208	37.135	19.188	5.508	2.360
b172	42.642	19.188	3.873	2.324
b185	46.516	16.843	4.583	4.583
b292	51.098	16.843	4.690	4.690
b197	55.789	16.843	5.657	4.243
b236	61.445	16.843	5.774	4.330
b187	67.219	16.843	7.303	4.382
b130	74.522	16.843	3.873	4.648
b206	78.395	16.843	7.528	4.517
b151	85.923	16.843	8.485	2.121
b182	85.923	18.964	9.574	2.611
b122	8.909	21.575	6.325	3.162
b163	8.909	24.738	6.298	2.699
b257	8.909	27.437	6.245	2.082
b180	8.909	29.519	6.000	3.000
b245	8.909	32.519	2.236	8.944
b209	11.145	32.519	3.979	9.550
b79	8.909	42.068	3.916	5.874
b281	12.825	42.068	2.327	5.586
b199	8.909	47.942	5.099	5.099
b233	14.008	47.942	1.118	4.472
b190	8.909	53.041	6.191	3.715
b171	8.909	56.756	2.291	9.165
b123	8.909	65.921	2.179	8.718
b159	11.200	56.756	4.062	8.124
b196	11.200	64.880	4.031	9.675
b219	15.262	21.575	1.732	6.928
b140	15.262	28.504	1.732	6.928
b160	16.994	21.575	1.581	6.325
b107	16.994	27.900	1.658	6.633
b178	18.653	21.575	1.414	5.657
b152	18.653	27.232	1.323	5.292
b41	20.067	21.575	6.110	2.619
b181	20.067	24.194	6.325	3.162
b56	26.391	21.575	5.745	5.745
b218	32.136	21.575	6.325	2.372
b113	32.136	23.947	6.325	3.162
b167	38.460	21.575	5.331	5.815
b230	43.791	21.575	6.191	3.715
b244	43.791	25.290	6.055	1.817
b252	49.983	21.575	7.211	1.803
b176	49.983	23.378	7.616	3.808
b63	57.598	21.575	12.329	3.082
b276	57.598	24.658	3.651	2.739
b186	61.250	24.658	8.944	2.683
b170	70.194	21.575	5.244	5.721
b188	75.438	21.575	5.831	5.831
b207	81.269	21.575	3.830	5.745
b68	85.099	21.575	10.312	2.812
b147	85.099	24.388	10.312	2.812
b115	20.067	27.406	5.477	3.286
b102	20.067	30.693	5.745	5.745
b145	20.067	36.437	5.715	2.449
b224	20.067	38.887	5.416	4.062
b148	20.067	42.949	5.745	1.567
b125	20.067	44.515	5.809	7.746
b136	20.067	52.261	1.658	6.633
b121	21.725	52.261	4.183	7.171
b161	20.067	59.433	5.774	8.660
b128	20.067	68.093	4.397	6.595
b165	24.464	68.093	1.500	6.000
b101	25.964	27.406	3.227	7.746
b168	29.191	27.406	3.096	7.430
b135	32.287	27.406	2.309	6.928
b146	34.596	27.406	4.967	7.450
b110	39.563	27.406	5.033	7.550
b164	44.596	27.406	4.453	7.635
b43	49.050	27.406	2.517	7.550
b192	51.566	27.406	4.320	7.407
b158	55.887	27.406	1.323	5.292
b116	57.210	27.406	1.803	7.211
b183	59.012	27.406	3.873	7.746
b155	62.885	27.406	5.657	1.414
b177	62.885	28.821	5.664	6.179
b156	68.550	27.406	2.345	4.690
b65	68.550	32.097	2.291	3.055
b127	70.895	27.406	6.455	3.873
b191	70.895	31.279	6.245	2.082
b67	70.895	33.361	6.351	1.732
b118	77.350	27.406	9.539	4.088
b76	77.350	31.495	9.381	3.518
b198	86.889	27.406	8.775	2.393
b100	86.889	29.800	8.756	5.254
b105	25.964	35.152	4.500	6.000
b42	25.964	41.152	4.500	6.000
b126	25.964	47.152	4.320	1.620
b133	25.964	48.772	4.472	3.354
b74	25.964	52.127	4.453	7.635
b24	25.964	59.761	4.472	2.236
b143	25.964	61.997	4.320	3.240
b44	25.964	65.238	1.936	7.746
b175	27.900	65.238	2.449	2.449
b75	27.900	67.687	2.380	7.141
b72	30.464	35.152	3.028	3.633
b99	30.464	38.785	3.055	5.237
b95	30.464	44.023	3.082	12.329
b213	30.464	56.352	3.028	3.633
b166	30.464	59.985	3.055	9.165
b30	33.546	35.152	1.803	7.211
b112	35.349	35.152	2.121	8.485
b50	33.546	43.638	1.323	5.292
b58	34.869	43.638	2.500	6.000
b129	33.546	49.638	3.873	4.648
b142	33.546	54.285	3.916	5.874
b119	33.546	60.159	3.808	7.616
b49	33.546	67.775	3.969	6.803
b7	37.515	35.152	6.928	3.464
b53	37.515	38.616	6.325	1.581
b26	37.515	40.198	6.928	1.732
b94	37.515	41.930	7.165	1.954
b184	37.515	43.884	3.674	7.348
b6	41.189	43.884	3.464	6.928
b60	37.515	51.232	3.708	4.045
b2	41.223	51.232	3.416	4.099
b37	37.515	55.331	2.309	3.464
b77	39.824	55.331	4.761	3.571
b132	37.515	58.902	7.141	2.380
b139	37.515	61.282	4.822	6.429
b27	37.515	67.711	4.830	7.246
b98	42.345	61.282	2.141	5.138
b52	42.345	66.420	2.000	8.000
b62	44.679	35.152	3.559	10.677
b73	48.238	35.152	1.803	7.211
b47	50.041	35.152	3.606	10.817
b54	53.647	35.152	2.449	9.798
b33	56.096	35.152	4.472	10.733
b85	60.568	35.152	3.367	10.100
b31	63.935	35.152	2.598	10.392
b61	66.533	35.152	3.266	9.798
b32	69.799	35.152	5.477	1.826
b92	69.799	36.978	5.715	8.573
b57	75.514	35.152	7.211	7.211
b97	75.514	42.363	7.165	1.954
b106	75.514	44.317	6.325	1.581
b120	82.725	35.152	4.183	7.171
b80	82.725	42.324	4.163	3.122
b20	86.909	35.152	1.732	3.464
b144	88.641	35.152	7.165	1.954
b64	88.641	37.106	6.928	1.732
b89	86.909	38.838	8.944	2.236
b86	86.909	41.074	8.944	4.472
b38	44.679	45.969	2.582	3.873
b138	47.261	45.969	6.708	4.025
b82	44.679	49.994	9.381	2.345
b39	44.679	52.339	3.266	1.225
b96	44.679	53.564	2.958	11.832
b84	44.679	65.396	3.162	9.487
b104	47.945	52.339	5.715	2.449
b90	47.945	54.789	5.888	4.416
b13	47.945	59.204	3.512	10.536
b70	47.945	69.740	3.367	5.050
b15	51.457	59.204	2.449	4.899
b103	51.457	64.103	2.598	10.392
b48	54.060	45.969	3.582	6.141
b1	54.060	52.110	3.162	3.162
b3	54.060	55.272	3.582	6.141
b4	54.060	61.414	3.240	12.961
b93	57.643	45.969	5.066	2.171
b109	57.643	48.140	5.123	8.783
b8	57.643	56.923	3.000	6.000
b45	60.643	56.923	2.160	6.481
b12	57.643	63.404	5.164	1.549
b87	57.643	64.953	5.000	10.000
b11	62.807	45.969	3.391	6.782
b81	66.198	45.969	1.658	6.633
b78	67.856	45.969	2.309	6.928
b9	70.165	45.969	3.894	6.676
b91	74.060	45.969	9.165	2.291
b16	74.060	48.260	9.381	4.690
b66	83.441	45.969	12.111	3.633
b59	83.441	49.602	12.261	3.344
b55	62.807	52.951	7.118	2.669
b19	62.807	55.620	7.118	2.669
b21	62.807	58.289	6.952	4.171
b36	62.807	62.461	7.118	2.669
b22	62.807	65.130	2.449	9.798
b18	65.256	65.130	4.690	9.381
b46	69.946	52.951	1.732	3.464
b157	69.946	56.415	1.732	6.928
b25	71.678	52.951	10.770	2.693
b14	82.449	52.951	8.563	2.569
b29	71.678	55.643	2.582	7.746
b108	71.678	63.389	2.872	11.489
b10	74.551	55.643	1.915	5.745
b17	76.466	55.643	5.916	5.916
b69	82.382	55.643	3.916	5.874
b131	86.297	55.643	9.129	5.477
b51	74.551	61.559	4.243	1.414
b35	78.793	61.559	5.657	1.414
b114	74.551	62.974	2.958	11.832
b34	77.509	62.974	1.633	4.899
b0	77.509	67.873	1.581	6.325
b5	79.142	62.974	2.236	4.472
b71	81.378	62.974	10.000	2.500
b117	81.378	65.474	8.718	2.179
b28	79.142	67.653	2.415	2.898
b83	81.557	67.653	11.832	2.958
b23	79.142	70.611	8.000	2.000
b40	79.142	72.611	9.165	2.291
