name	x	y	w	h
b155	0.000	0.000	4.899	1.225
b189	0.000	1.225	9.592	2.398
b196	0.000	3.623	9.592	2.398
b177	0.000	6.021	9.798	2.449
b170	0.000	8.470	10.637	3.384
b183	0.000	11.855	4.158	5.292
b157	4.158	11.855	6.414	2.806
b123	4.158	14.661	6.793	2.503
b193	0.000	17.163	8.062	8.062
b192	8.062	17.163	2.803	7.849
b152	0.000	25.226	5.901	6.609
b128	5.901	25.226	5.014	6.382
b197	0.000	31.835	6.809	8.666
b93	6.809	31.835	3.914	8.431
b188	0.000	40.500	4.873	7.182
b190	4.873	40.500	5.946	7.568
b176	0.000	48.068	4.721	2.542
b137	4.721	48.068	5.855	2.562
b199	0.000	50.630	6.614	7.408
b141	6.614	50.630	4.209	7.365
b145	0.000	58.038	7.008	7.849
b164	7.008	58.038	3.794	8.171
b163	0.000	66.209	7.778	9.899
b194	0.000	76.109	4.031	16.125
b179	4.031	76.109	4.062	16.248
b159	8.093	66.209	2.784	11.136
b195	8.093	77.345	2.828	11.314
b158	10.950	1.225	8.246	2.062
b148	19.197	1.225	8.000	2.000
b191	10.950	3.286	7.483	7.483
b173	10.950	10.770	4.732	6.974
b132	15.683	10.770	3.196	6.884
b49	10.950	17.743	5.071	8.874
b186	16.021	17.743	2.866	8.025
b146	10.950	26.617	5.210	7.678
b185	16.160	26.617	2.739	7.668
b103	10.950	34.295	4.598	8.047
b83	15.549	34.295	2.988	8.367
b167	10.950	42.662	3.338	7.190
b120	14.289	42.662	3.338	7.190
b133	17.627	42.662	1.225	4.899
b169	10.950	49.851	6.012	7.651
b184	16.962	49.851	1.871	7.483
b168	10.950	57.503	4.342	7.599
b178	15.293	57.503	1.732	6.928
b150	17.025	57.503	1.871	7.483
b138	10.950	65.102	4.899	4.899
b180	15.849	65.102	2.928	5.123
b126	10.950	70.226	5.078	7.483
b153	16.028	70.226	2.535	7.099
b129	10.950	77.709	5.071	14.199
b198	16.021	77.709	2.828	11.314
b166	18.899	3.286	8.000	2.000
b86	18.899	5.286	9.165	2.291
b143	28.064	3.286	16.971	4.243
b174	45.035	3.286	4.243	4.243
b92	49.277	3.286	9.071	3.969
b131	58.348	3.286	6.094	4.266
b114	64.443	3.286	7.081	3.813
b140	18.899	7.578	5.292	1.323
b187	18.899	8.900	8.238	2.307
b116	27.137	7.578	14.967	3.742
b84	42.103	7.578	15.100	3.775
b165	57.203	7.578	13.229	3.704
b136	18.899	11.353	2.809	6.051
b88	21.708	11.353	7.838	5.486
b73	29.546	11.353	4.119	6.070
b87	33.665	11.353	5.261	5.892
b135	38.926	11.353	3.381	5.916
b127	42.306	11.353	3.295	5.766
b117	45.601	11.353	5.345	5.987
b144	50.947	11.353	4.520	5.752
b110	55.466	11.353	6.000	6.000
b121	61.466	11.353	13.628	3.816
b77	61.466	15.168	6.164	2.271
b149	67.631	15.168	8.018	2.245
b182	18.899	17.439	3.190	4.702
b175	18.899	22.141	3.190	4.702
b160	18.899	26.843	3.024	5.292
b181	18.899	32.134	3.268	7.038
b98	18.899	39.172	3.190	4.702
b72	18.899	43.874	3.162	12.649
b156	18.899	56.523	3.218	9.011
b151	18.899	65.534	3.024	5.292
b171	18.899	70.826	3.279	13.115
b161	18.899	83.941	3.122	6.725
b82	22.178	17.439	7.368	5.158
b97	29.546	17.439	5.000	5.000
b74	34.546	17.439	3.864	4.918
b76	38.409	17.439	1.225	4.899
b119	39.634	17.439	6.655	4.658
b105	46.289	17.439	9.343	5.031
b32	55.631	17.439	6.211	4.347
b154	61.842	17.439	13.384	4.931
b106	22.178	22.597	5.707	8.411
b75	22.178	31.007	3.268	7.038
b108	25.445	31.007	2.315	6.481
b139	22.178	38.046	5.392	6.862
b162	22.178	44.908	3.407	3.816
b111	25.585	44.908	2.268	3.969
b134	22.178	48.877	5.619	3.026
b109	22.178	51.902	5.606	1.784
b31	22.178	53.686	2.345	9.381
b112	24.523	53.686	3.273	9.165
b5	22.178	63.067	5.536	7.045
b51	22.178	70.112	5.647	8.322
b95	22.178	78.435	5.657	5.657
b142	22.178	84.091	5.526	8.143
b6	27.885	22.597	4.472	3.130
b78	32.357	22.597	12.649	3.162
b61	45.006	22.597	12.649	3.162
b27	57.655	22.597	6.590	2.883
b172	64.245	22.597	9.381	2.985
b64	27.885	25.759	7.978	10.153
b52	27.885	35.913	7.171	5.020
b125	27.885	40.932	7.521	2.393
b53	27.885	43.326	6.633	1.658
b99	27.885	44.984	3.928	6.874
b58	31.813	44.984	4.000	7.000
b104	27.885	51.984	7.709	4.151
b66	27.885	56.135	4.873	7.182
b122	27.885	63.317	4.621	9.954
b91	27.885	73.271	5.014	8.775
b100	27.885	82.046	2.449	9.798
b54	30.334	82.046	2.500	10.000
b63	32.899	56.135	2.970	6.397
b124	32.899	62.532	2.970	6.397
b102	32.899	68.929	2.915	11.662
b20	32.899	80.591	2.872	11.489
b130	35.869	25.759	16.852	4.213
b101	52.721	25.759	16.613	4.153
b60	35.869	29.972	6.164	6.164
b79	35.869	36.137	5.976	4.183
b38	42.034	29.972	5.261	5.892
b56	42.034	35.865	4.472	4.472
b85	47.295	29.972	7.559	8.466
b24	47.295	38.439	7.483	1.871
b81	54.854	29.972	2.398	9.592
b70	57.252	29.972	5.071	3.550
b71	62.323	29.972	13.496	3.779
b45	57.252	33.751	2.970	6.397
b4	60.222	33.751	10.954	2.739
b62	60.222	36.490	15.492	3.873
b96	35.869	40.363	11.952	3.347
b118	47.821	40.363	14.000	3.500
b107	61.821	40.363	7.709	3.373
b10	35.869	43.863	14.422	3.606
b43	35.869	47.468	14.000	3.500
b55	50.291	43.863	9.381	2.345
b39	50.291	46.208	9.142	4.922
b47	59.672	43.863	3.464	3.464
b90	63.136	43.863	11.802	3.305
b94	59.672	47.327	2.471	3.642
b50	62.143	47.327	13.363	3.742
b89	35.869	51.130	3.433	4.369
b57	35.869	55.500	3.433	9.612
b46	35.869	65.112	3.474	7.483
b0	35.869	72.596	3.464	6.062
b25	35.869	78.658	3.428	13.711
b35	39.344	51.130	5.782	3.113
b14	45.125	51.130	4.472	3.130
b48	49.597	51.130	6.536	3.519
b147	56.133	51.130	4.472	3.130
b41	60.605	51.130	2.988	3.347
b115	63.593	51.130	11.952	3.347
b69	39.344	54.650	2.550	10.198
b22	39.344	64.848	3.041	12.166
b28	42.385	54.650	3.969	15.875
b67	42.385	70.524	3.808	15.232
b9	46.354	54.650	14.967	3.742
b40	61.320	54.650	11.352	3.612
b30	46.354	58.391	4.123	4.123
b36	46.354	62.514	4.140	2.898
b3	46.354	65.413	3.794	8.171
b42	46.354	73.584	4.140	7.246
b113	46.354	80.830	3.919	10.973
b65	50.494	58.391	4.943	7.284
b44	50.494	65.675	4.781	3.347
b80	50.494	69.022	4.660	1.717
b12	50.494	70.738	5.007	10.785
b2	50.494	81.523	4.866	10.481
b29	55.501	58.391	3.546	4.513
b59	59.047	58.391	16.475	4.613
b11	55.501	63.004	4.009	4.490
b15	59.510	63.004	16.257	4.552
b7	55.501	67.556	8.124	2.585
b68	63.625	67.556	10.954	2.739
b16	55.501	70.295	3.433	4.369
b37	58.934	70.295	2.854	4.205
b21	61.788	70.295	13.846	4.406
b33	55.501	74.700	9.258	2.592
b1	64.759	74.700	10.392	2.598
b18	55.501	77.298	2.398	9.592
b34	57.899	77.298	10.198	2.550
b13	57.899	79.848	7.228	10.652
b17	65.127	79.848	3.327	9.317
b19	57.899	90.500	7.211	1.803
b8	68.455	77.298	3.761	4.786
b23	68.455	82.085	3.586	10.040
b26	72.216	77.298	3.122	12.490
