name	x	y	w	h
b77	0.000	0.000	24.000	6.000
b83	0.000	6.000	3.062	4.899
b42	3.062	6.000	20.688	5.172
b35	0.000	11.172	12.961	3.240
b53	12.961	11.172	11.832	2.958
b38	0.000	14.412	12.748	3.922
b62	12.748	14.412	12.227	3.762
b74	0.000	18.335	8.573	4.899
b39	8.573	18.335	16.424	5.054
b63	0.000	23.388	13.416	3.354
b97	13.416	23.388	11.683	3.595
b43	0.000	26.983	11.906	6.803
b65	11.906	26.983	13.295	7.597
b96	0.000	34.580	12.124	6.928
b14	12.124	34.580	12.894	7.368
b69	0.000	41.948	12.145	4.858
b71	12.145	41.948	12.349	4.940
b78	0.000	46.888	5.477	5.477
b13	5.477	46.888	19.248	5.923
b89	0.000	52.810	10.124	4.050
b50	10.124	52.810	14.756	4.540
b17	0.000	57.351	21.166	5.292
b76	21.166	57.351	4.031	4.961
b9	0.000	62.642	4.796	4.796
b36	4.796	62.642	20.100	5.025
b80	0.000	67.667	8.660	3.464
b48	8.660	67.667	15.875	3.969
b88	0.000	71.636	7.826	4.472
b3	7.826	71.636	16.971	4.243
b46	0.000	76.108	7.599	4.342
b2	7.599	76.108	17.436	4.359
b67	0.000	80.467	12.942	5.177
b41	12.942	80.467	12.145	4.858
b60	0.000	85.644	7.599	4.342
b32	7.599	85.644	17.205	4.301
b28	0.000	89.986	15.362	3.841
b90	15.362	89.986	9.747	3.899
b27	0.000	93.885	7.000	4.000
b18	7.000	93.885	16.852	4.213
b25	0.000	98.098	10.161	5.806
b51	10.161	98.098	14.491	5.797
b81	0.000	103.904	6.892	11.027
b79	6.892	103.904	17.385	5.349
b52	6.892	109.254	18.118	5.575
b29	0.000	114.932	9.899	5.657
b26	9.899	114.932	14.491	5.797
b33	0.000	120.728	4.937	6.076
b72	4.937	120.728	19.912	6.127
b54	0.000	126.855	13.565	3.391
b31	13.565	126.855	10.665	3.282
b70	0.000	130.246	8.972	5.127
b86	8.972	130.246	15.716	4.836
b8	0.000	135.373	11.045	11.045
b1	11.045	135.373	13.295	7.597
b24	11.045	142.970	13.711	3.428
b92	0.000	146.418	3.260	5.215
b49	3.260	146.418	21.448	5.362
b47	0.000	151.780	14.663	5.865
b94	14.663	151.780	10.500	6.000
b87	0.000	157.780	5.333	12.189
b30	5.333	157.780	6.344	3.625
b12	5.333	161.406	6.624	8.152
b55	11.957	157.780	5.454	12.467
b68	17.411	157.780	7.706	12.329
b95	0.000	170.247	8.155	4.660
b15	8.155	170.247	17.007	5.233
b7	0.000	175.480	5.745	5.745
b99	5.745	175.480	18.908	5.818
b20	0.000	181.298	5.000	5.000
b82	5.000	181.298	20.100	5.025
b22	0.000	186.323	12.845	5.138
b5	12.845	186.323	12.145	4.858
b11	0.000	191.461	17.007	5.233
b23	17.007	191.461	8.155	4.660
b84	0.000	196.694	7.071	7.071
b21	7.071	196.694	17.464	6.986
b98	0.000	203.765	14.967	3.742
b37	14.967	203.765	9.747	3.899
b56	0.000	207.664	6.874	3.928
b16	6.874	207.664	17.436	4.359
b45	0.000	212.023	4.937	6.076
b44	4.937	212.023	19.912	6.127
b85	0.000	218.150	1.732	6.928
b73	1.732	218.150	22.661	6.972
b57	0.000	225.122	11.489	2.872
b10	11.489	225.122	11.489	2.872
b64	0.000	227.995	7.542	12.066
b93	0.000	240.061	7.331	11.730
b91	0.000	251.791	7.595	9.348
b58	7.595	227.995	12.349	4.940
b75	19.944	227.995	4.583	4.583
b59	7.595	232.934	5.766	13.180
b6	13.362	232.934	10.770	2.693
b66	13.362	235.627	11.619	11.619
b4	7.595	247.246	2.646	6.047
b40	10.241	247.246	4.854	5.974
b19	15.095	247.246	9.811	5.606
b34	7.595	253.293	7.681	7.681
b61	15.276	253.293	8.944	2.236
b0	15.276	255.529	9.899	5.657
