name	x	y	w	h
b199	0.000	0.000	10.500	4.667
b174	10.500	0.000	3.824	4.707
b175	14.324	0.000	7.746	1.936
b164	14.324	1.936	11.136	2.784
b171	25.460	0.000	9.274	4.637
b192	34.733	0.000	4.690	4.690
b186	39.424	0.000	5.362	4.290
b178	44.786	0.000	2.598	4.619
b198	47.384	0.000	6.928	4.619
b185	54.312	0.000	4.583	4.583
b165	58.895	0.000	10.500	4.667
b155	69.395	0.000	1.369	4.382
b183	70.764	0.000	8.124	2.708
b182	70.764	2.708	7.746	1.936
b113	0.000	4.720	7.331	5.865
b114	7.331	4.720	4.308	6.267
b160	11.640	4.720	8.000	2.000
b104	11.640	6.720	8.000	4.000
b170	19.640	4.720	5.809	6.197
b163	25.449	4.720	12.410	6.205
b105	37.859	4.720	7.665	6.132
b196	45.524	4.720	5.874	3.916
b184	45.524	8.636	5.916	2.366
b197	51.440	4.720	9.407	6.272
b126	60.847	4.720	6.164	6.164
b161	67.012	4.720	3.437	6.110
b179	70.449	4.720	10.747	6.141
b139	0.000	11.003	4.562	8.110
b173	0.000	19.113	4.541	7.266
b189	0.000	26.379	2.681	8.579
b150	2.681	26.379	1.871	7.483
b191	0.000	34.958	4.583	12.220
b129	0.000	47.179	4.243	16.971
b121	0.000	64.149	4.416	11.776
b153	0.000	75.925	2.372	7.589
b158	2.372	75.925	2.062	8.246
b123	4.583	11.003	2.062	8.246
b166	4.583	19.249	2.000	8.000
b190	6.644	11.003	13.416	3.354
b133	6.644	14.357	4.899	1.225
b172	6.644	15.581	4.183	6.693
b169	10.827	15.581	7.583	6.066
b168	18.410	15.581	4.975	6.633
b115	6.644	22.275	3.873	10.328
b144	10.517	22.275	2.550	10.198
b147	13.067	22.275	2.475	5.657
b167	15.541	22.275	4.062	5.908
b181	19.604	22.275	3.791	6.066
b124	13.067	28.341	4.359	4.359
b140	17.426	28.341	1.620	4.320
b187	19.046	28.341	4.359	4.359
b159	6.644	32.700	4.402	7.043
b142	6.644	39.743	4.437	10.142
b118	6.644	49.884	4.287	11.431
b38	6.644	61.315	4.402	7.043
b193	6.644	68.358	4.031	16.125
b131	11.081	32.700	4.770	5.451
b136	15.851	32.700	3.092	5.497
b177	18.943	32.700	4.416	5.435
b99	11.081	38.197	4.500	6.000
b141	15.581	38.197	5.208	5.952
b180	20.789	38.197	2.562	5.855
b120	11.081	44.197	3.240	7.407
b103	14.322	44.197	4.809	7.694
b112	19.130	44.197	4.108	7.303
b75	11.081	51.892	4.486	5.127
b146	15.567	51.892	7.746	5.164
b145	11.081	57.056	3.708	14.832
b122	11.081	71.888	3.791	12.133
b93	14.873	57.056	8.124	4.062
b96	14.873	61.118	4.472	8.944
b102	19.345	61.118	3.857	8.816
b40	14.873	70.062	3.202	12.806
b162	18.074	70.062	5.099	2.550
b97	18.074	72.611	2.500	10.000
b195	20.574	72.611	2.828	11.314
b132	23.405	11.003	2.622	8.390
b194	26.027	11.003	7.542	8.619
b117	33.568	11.003	9.381	3.411
b156	33.568	14.414	9.327	3.109
b135	33.568	17.523	8.944	2.236
b83	42.949	11.003	6.124	4.082
b176	42.949	15.085	6.245	1.922
b134	42.949	17.007	6.185	2.749
b47	49.194	11.003	3.000	4.000
b6	49.194	15.003	2.958	4.733
b52	52.194	11.003	8.485	4.243
b138	60.679	11.003	5.477	4.382
b92	66.157	11.003	8.485	4.243
b58	74.642	11.003	6.481	4.320
b188	52.194	15.384	8.367	4.183
b149	60.561	15.384	4.108	4.382
b143	64.669	15.384	16.432	4.382
b37	23.405	19.766	6.000	2.000
b81	23.405	21.766	5.874	3.916
b127	23.405	25.682	5.766	3.295
b109	23.405	28.977	5.916	1.690
b82	23.405	30.667	5.969	6.367
b110	23.405	37.034	6.000	6.000
b100	23.405	43.034	6.000	4.000
b72	23.405	47.034	4.183	9.562
b19	27.588	47.034	1.803	7.211
b87	23.405	56.596	3.937	7.874
b151	27.342	56.596	2.000	8.000
b130	23.405	64.596	5.958	11.916
b106	23.405	76.512	6.000	8.000
b46	29.405	19.766	3.122	8.327
b108	32.527	19.766	1.936	7.746
b31	34.464	19.766	2.622	8.390
b107	37.086	19.766	3.122	8.327
b51	40.208	19.766	5.420	8.672
b79	45.628	19.766	2.795	8.944
b60	48.423	19.766	4.359	8.718
b152	52.782	19.766	5.629	6.928
b41	52.782	26.694	5.477	1.826
b4	58.411	19.766	9.083	3.303
b91	67.494	19.766	13.266	3.317
b148	58.411	23.083	8.000	2.000
b42	58.411	25.083	8.660	3.464
b157	67.071	23.083	7.649	2.353
b89	74.720	23.083	6.423	2.335
b80	67.071	25.436	2.550	3.138
b22	69.621	25.436	11.380	3.251
b67	29.405	28.710	13.730	4.224
b68	43.134	28.710	7.246	4.140
b85	50.380	28.710	14.967	4.276
b154	65.346	28.710	15.732	4.195
b65	29.405	32.987	9.950	3.618
b73	29.405	36.605	10.000	2.500
b20	29.405	39.105	9.950	3.317
b53	29.405	42.421	6.633	1.658
b44	29.405	44.080	8.000	2.000
b43	29.405	46.080	9.899	4.950
b128	29.405	51.029	9.798	3.266
b54	29.405	54.295	10.000	2.500
b111	29.405	56.795	3.354	2.683
b125	32.759	56.795	6.364	2.828
b98	29.405	59.624	3.750	4.000
b84	29.405	63.624	3.775	15.100
b45	29.405	78.724	3.775	5.033
b39	33.180	59.624	3.354	13.416
b57	36.534	59.624	2.872	11.489
b69	33.180	73.040	2.550	10.198
b78	35.729	73.040	3.536	11.314
b26	39.406	32.987	8.832	4.416
b94	48.238	32.987	2.121	4.243
b61	39.406	37.402	10.954	3.651
b119	39.406	41.054	3.683	8.418
b62	43.089	41.054	7.246	8.281
b16	39.406	49.472	3.062	4.899
b55	42.468	49.472	4.541	4.844
b29	47.009	49.472	3.317	4.824
b101	39.406	54.371	5.087	13.565
b64	44.493	54.371	5.953	13.607
b71	39.406	67.977	10.712	4.761
b50	39.406	72.738	4.330	11.547
b13	43.736	72.738	6.581	11.700
b76	50.446	32.987	1.369	4.382
b137	51.815	32.987	3.354	4.472
b48	55.169	32.987	5.362	4.290
b7	60.531	32.987	4.583	4.583
b15	65.113	32.987	16.093	4.598
b3	50.446	37.585	10.037	3.088
b63	60.483	37.585	6.164	3.082
b33	66.647	37.585	8.124	2.954
b27	74.771	37.585	6.164	3.082
b5	50.446	40.673	11.683	3.338
b49	62.129	40.673	13.416	3.354
b28	50.446	44.027	15.875	3.969
b12	66.320	44.027	13.748	3.928
b56	50.446	47.996	6.708	2.981
b14	57.154	47.996	4.950	2.828
b74	62.104	47.996	6.538	2.906
b70	68.642	47.996	6.000	3.000
b8	74.642	47.996	6.000	3.000
b95	50.446	50.996	9.798	3.266
b35	60.244	50.996	5.612	3.207
b88	65.856	50.996	13.115	3.279
b21	50.446	54.275	3.905	15.620
b2	50.446	69.895	3.571	14.283
b66	54.351	54.275	11.068	3.162
b77	65.419	54.275	4.583	3.055
b23	70.001	54.275	11.225	3.207
b30	54.351	57.482	8.246	2.062
b11	54.351	59.543	8.485	2.121
b0	54.351	61.665	8.573	2.449
b34	54.351	64.114	8.456	3.075
b24	54.351	67.189	7.483	1.871
b59	54.351	69.060	8.718	8.718
b116	54.351	77.778	8.367	6.693
b36	63.069	57.482	6.000	2.000
b25	63.069	59.482	5.937	7.916
b9	63.069	67.398	3.742	14.967
b86	66.810	67.398	2.291	9.165
b32	69.101	57.482	10.392	2.598
b17	69.101	60.080	2.784	11.136
b18	69.101	71.215	2.681	8.579
b1	71.885	60.080	2.598	10.392
b10	74.483	60.080	3.606	14.422
b90	78.089	60.080	3.122	12.490
