name	x	y	w	h
b85	0.000	0.000	6.928	1.732
b58	0.000	1.732	3.905	15.620
b35	0.000	17.353	5.123	8.198
b95	0.000	25.550	3.082	12.329
b78	3.082	25.550	2.739	10.954
b72	0.000	37.879	5.523	22.091
b57	0.000	59.970	5.745	5.745
b92	0.000	65.714	4.123	4.123
b97	0.000	69.837	5.123	8.198
b99	0.000	78.035	5.244	20.976
b91	5.821	1.732	4.213	16.852
b36	5.821	18.584	5.025	20.100
b96	5.821	38.684	4.583	18.330
b74	5.821	57.014	3.240	12.961
b65	5.821	69.976	5.025	20.100
b61	10.846	1.732	8.944	2.236
b86	10.846	3.968	4.359	17.436
b79	15.205	3.968	4.822	19.287
b44	10.846	23.255	8.732	13.971
b63	10.846	37.227	6.708	6.708
b51	10.846	43.935	9.165	9.165
b56	10.846	53.100	8.216	3.286
b69	10.846	56.387	7.681	7.681
b29	10.846	64.068	7.483	7.483
b43	10.846	71.551	9.000	9.000
b83	10.846	80.551	7.746	1.936
b26	10.846	82.487	4.583	18.330
b32	15.428	82.487	4.301	17.205
b53	20.026	1.732	9.354	3.742
b82	29.381	1.732	20.100	5.025
b21	20.026	6.757	22.091	5.523
b73	42.117	6.757	25.140	6.285
b50	20.026	13.042	4.093	16.371
b81	20.026	29.413	4.359	17.436
b87	20.026	46.848	4.031	16.125
b94	20.026	62.973	3.969	15.875
b25	20.026	78.847	3.841	15.362
b75	24.385	13.042	2.291	9.165
b90	26.677	13.042	3.082	12.329
b42	29.759	13.042	8.178	13.084
b31	37.937	13.042	2.958	11.832
b1	40.895	13.042	20.100	5.025
b71	60.994	13.042	12.349	4.940
b89	40.895	18.067	5.062	8.099
b33	45.957	18.067	4.330	6.928
b93	50.287	18.067	18.547	4.637
b30	50.287	22.704	7.583	3.033
b84	57.870	22.704	14.142	3.536
b59	24.385	26.239	6.892	11.027
b3	24.385	37.266	6.708	10.733
b77	24.385	48.000	6.000	24.000
b11	24.385	72.000	4.717	18.868
b48	24.385	90.868	6.275	10.040
b15	31.277	26.239	18.868	4.717
b28	50.145	26.239	15.362	3.841
b39	31.277	30.956	18.221	4.555
b49	49.498	30.956	21.448	5.362
b46	31.277	36.318	2.872	11.489
b66	34.150	36.318	11.619	11.619
b98	45.769	36.318	5.916	9.466
b16	51.685	36.318	6.892	11.027
b67	58.577	36.318	6.471	10.354
b40	65.048	36.318	8.515	3.406
b55	65.048	39.724	8.246	8.246
b5	31.277	47.970	15.362	3.841
b0	46.640	47.970	14.967	3.742
b8	31.277	51.811	22.091	5.523
b68	53.368	51.811	19.494	4.873
b18	31.277	57.333	8.426	8.426
b76	31.277	65.760	3.536	5.657
b60	34.813	65.760	4.541	7.266
b54	31.277	73.026	3.391	13.565
b7	31.277	86.591	2.872	11.489
b45	34.669	73.026	2.739	10.954
b27	37.407	73.026	2.646	10.583
b24	34.669	83.980	5.420	8.672
b88	34.669	92.652	4.677	7.483
b17	40.088	57.333	21.166	5.292
b62	61.254	57.333	10.724	4.290
b12	40.088	62.625	14.697	3.674
b19	54.785	62.625	14.832	3.708
b38	40.088	66.333	5.590	8.944
b9	40.088	75.277	4.796	4.796
b13	40.088	80.073	5.339	21.354
b37	45.679	66.333	9.747	3.899
b22	55.425	66.333	16.248	4.062
b14	45.679	70.395	9.747	9.747
b52	55.425	70.395	15.890	6.356
b6	55.425	76.751	8.515	3.406
b20	63.940	76.751	7.906	3.162
b10	45.679	80.157	9.083	3.633
b41	54.762	80.157	15.362	3.841
b2	45.679	83.998	4.359	17.436
b34	50.038	83.998	3.841	15.362
b64	53.878	83.998	19.079	4.770
b80	53.878	88.767	2.739	10.954
b70	56.617	88.767	13.565	3.391
b4	56.617	92.158	2.000	8.000
b47	58.617	92.158	14.663	5.865
b23	58.617	98.024	12.329	3.082
