name	x	y	w	h
b100	0.000	0.000	9.798	2.449
b143	0.000	2.449	13.856	5.196
b118	0.000	7.646	13.404	3.656
b171	0.000	11.301	13.115	3.279
b164	0.000	14.580	7.874	3.937
b186	7.874	14.580	5.538	4.153
b132	0.000	18.733	8.563	2.569
b184	8.563	18.733	5.292	2.646
b96	0.000	21.379	9.661	4.140
b151	9.661	21.379	4.000	4.000
b140	0.000	25.519	3.055	2.291
b177	3.055	25.519	9.798	2.449
b165	0.000	27.969	3.500	14.000
b195	3.500	27.969	5.164	6.197
b104	8.664	27.969	5.164	6.197
b189	3.500	34.166	3.096	7.430
b97	6.596	34.166	3.227	7.746
b196	9.823	34.166	3.916	5.874
b133	9.823	40.039	3.742	1.604
b55	0.000	41.969	6.633	3.317
b155	0.000	45.286	4.899	1.225
b199	0.000	46.510	4.041	12.124
b193	0.000	58.635	4.031	16.125
b156	4.041	46.510	2.693	10.770
b54	4.041	57.281	2.887	8.660
b99	4.041	65.941	2.598	10.392
b160	6.928	41.969	3.464	4.619
b180	10.392	41.969	3.354	4.472
b146	6.928	46.588	4.472	8.944
b192	6.928	55.532	4.491	4.899
b94	11.419	46.588	2.291	3.928
b181	11.419	50.516	2.398	9.592
b153	6.928	60.431	6.481	2.777
b115	6.928	63.208	3.162	12.649
b175	10.090	63.208	3.708	4.045
b102	10.090	67.254	3.764	9.033
b157	13.856	0.000	2.449	7.348
b35	16.306	0.000	2.449	7.348
b142	18.755	0.000	10.247	4.392
b141	18.755	4.392	10.661	2.908
b90	29.417	0.000	5.408	7.211
b103	34.825	0.000	12.166	3.041
b197	34.825	3.041	14.024	4.207
b191	48.849	0.000	12.220	4.583
b162	48.849	4.583	5.099	2.550
b187	53.948	4.583	7.118	2.669
b51	61.069	0.000	6.564	7.160
b129	67.633	0.000	16.971	4.243
b198	67.633	4.243	10.328	3.098
b172	77.961	4.243	9.165	3.055
b135	13.856	7.348	6.831	2.928
b182	13.856	10.276	7.071	2.121
b88	20.927	7.348	8.466	5.079
b136	29.393	7.348	3.367	5.050
b86	32.760	7.348	4.183	5.020
b130	36.943	7.348	13.760	5.160
b82	50.703	7.348	7.958	4.775
b84	58.661	7.348	11.533	4.943
b188	70.194	7.348	6.831	5.123
b121	77.025	7.348	10.198	5.099
b18	13.856	12.508	2.398	9.592
b61	16.254	12.508	3.651	10.954
b134	19.906	12.508	2.661	6.387
b77	19.906	18.896	2.858	4.899
b166	22.764	12.508	4.619	3.464
b92	22.764	15.973	4.583	7.856
b74	27.382	12.508	3.082	6.164
b108	27.382	18.673	2.958	5.071
b64	30.465	12.508	10.392	7.794
b110	30.465	20.303	10.392	3.464
b168	40.857	12.508	5.745	5.745
b159	40.857	18.253	5.568	5.568
b145	46.601	12.508	6.423	8.563
b174	46.601	21.072	6.481	2.777
b124	53.082	12.508	2.814	6.753
b36	53.082	19.261	2.646	4.536
b169	55.896	12.508	13.565	3.391
b105	69.460	12.508	13.711	3.428
b144	55.896	15.936	7.789	3.338
b173	55.896	19.274	7.416	4.450
b147	63.685	15.936	3.742	3.742
b117	67.426	15.936	8.641	3.703
b190	76.067	15.936	11.619	3.873
b112	63.685	19.809	7.746	3.873
b194	71.431	19.809	16.125	4.031
b4	13.856	23.849	6.325	4.743
b170	20.181	23.849	6.928	5.196
b32	27.109	23.849	5.196	5.196
b167	32.305	23.849	4.690	5.117
b161	36.996	23.849	3.969	5.292
b154	40.964	23.849	12.410	5.318
b48	53.374	23.849	4.378	5.254
b185	57.752	23.849	3.969	5.292
b12	61.721	23.849	10.392	5.196
b163	72.113	23.849	15.199	5.066
b183	13.856	29.168	6.055	3.633
b73	13.856	32.801	6.455	3.873
b128	13.856	36.674	6.532	4.899
b87	13.856	41.573	6.429	4.822
b137	13.856	46.395	6.325	2.372
b8	13.856	48.766	6.481	2.777
b126	13.856	51.544	4.708	8.071
b178	18.565	51.544	1.732	6.928
b89	13.856	59.615	6.325	2.372
b106	13.856	61.987	3.464	13.856
b22	17.321	61.987	3.041	12.166
b149	20.388	29.168	2.449	7.348
b49	22.838	29.168	6.124	7.348
b101	28.962	29.168	9.592	7.194
b53	38.553	29.168	4.282	2.569
b31	38.553	31.737	4.491	4.899
b63	43.044	29.168	5.033	3.775
b125	43.044	32.943	4.899	3.674
b17	48.077	29.168	6.429	4.822
b150	48.077	33.990	6.110	2.291
b28	54.506	29.168	15.875	3.969
b43	54.506	33.136	14.000	3.500
b131	70.381	29.168	3.606	7.211
b71	73.986	29.168	13.675	3.729
b2	73.986	32.897	13.675	3.729
b30	20.388	36.636	8.246	2.062
b1	20.388	38.698	9.487	2.846
b57	20.388	41.544	4.062	8.124
b91	20.388	49.668	4.282	10.276
b179	20.388	59.944	4.062	16.248
b21	24.670	41.544	5.523	11.045
b7	24.670	52.589	3.500	6.000
b47	28.170	52.589	2.000	6.000
b122	24.670	58.589	5.538	8.307
b10	24.670	66.896	5.508	9.442
b81	30.208	36.636	3.391	6.782
b111	33.599	36.636	6.000	1.500
b27	33.599	38.136	6.164	3.082
b123	33.599	41.219	6.298	2.699
b72	39.897	36.636	8.165	4.899
b11	39.897	41.535	8.124	2.216
b56	48.062	36.636	4.282	4.671
b109	48.062	41.307	4.082	2.449
b69	52.344	36.636	3.606	7.211
b46	55.949	36.636	3.606	7.211
b152	59.555	36.636	11.402	3.421
b113	59.555	40.057	11.358	3.786
b59	70.957	36.636	16.693	4.553
b68	70.957	41.189	10.954	2.739
b65	30.208	43.928	3.464	10.392
b19	30.208	54.320	3.606	3.606
b176	30.208	57.926	3.464	3.464
b116	30.208	61.390	3.742	14.967
b23	33.950	43.928	3.000	12.000
b26	33.950	55.928	3.122	12.490
b24	37.072	43.928	1.871	7.483
b44	37.072	51.411	2.000	8.000
b60	39.072	43.928	10.066	3.775
b119	49.138	43.928	8.505	3.645
b34	57.643	43.928	7.211	3.606
b83	64.854	43.928	6.455	3.873
b62	71.309	43.928	15.492	3.873
b33	39.072	47.801	4.472	5.367
b75	43.544	47.801	4.153	5.538
b138	39.072	53.338	4.243	5.657
b120	43.315	53.338	4.243	5.657
b158	39.072	58.995	3.367	5.050
b114	42.439	58.995	5.196	5.196
b45	39.072	64.191	5.033	3.775
b6	44.105	64.191	3.582	3.908
b58	39.072	68.100	3.416	8.198
b40	42.488	68.100	5.228	7.842
b42	47.716	47.801	4.743	6.325
b78	47.716	54.125	4.830	8.281
b66	47.716	62.406	4.830	7.246
b3	47.716	69.652	4.822	6.429
b85	52.546	47.801	4.000	16.000
b50	52.546	63.801	4.082	12.247
b67	56.629	47.801	15.232	3.808
b39	71.860	47.801	12.247	3.674
b37	56.629	51.609	4.472	2.683
b29	56.629	54.292	4.000	4.000
b38	56.629	58.292	4.546	6.819
b98	56.629	65.111	4.472	3.354
b20	56.629	68.465	4.387	7.521
b95	61.175	51.609	4.320	7.407
b15	61.175	59.015	4.301	17.205
b70	65.495	51.609	6.481	2.777
b80	71.976	51.609	2.828	2.828
b93	74.804	51.609	11.489	2.872
b52	65.495	54.481	3.000	12.000
b79	65.495	66.481	2.887	8.660
b14	68.495	54.481	4.830	2.898
b5	73.326	54.481	12.490	3.122
b76	68.495	57.603	2.000	3.000
b16	68.495	60.603	1.936	7.746
b148	68.495	68.349	2.000	8.000
b9	70.495	57.603	3.742	14.967
b41	74.237	57.603	2.887	3.464
b139	77.124	57.603	10.536	3.512
b107	74.237	61.115	4.416	5.888
b0	74.237	67.003	2.291	9.165
b127	76.528	67.003	2.179	8.718
b25	78.708	61.115	3.428	13.711
b13	82.136	61.115	5.066	15.199
