name	x	y	w	h
b96	0.000	0.000	10.583	7.937
b99	0.000	7.937	10.488	10.488
b15	0.000	18.425	7.703	11.554
b7	7.703	18.425	2.872	11.489
b5	0.000	29.980	4.958	11.900
b50	4.958	29.980	5.284	12.681
b75	0.000	42.660	2.291	9.165
b66	2.291	42.660	8.216	16.432
b17	0.000	59.092	5.292	21.166
b39	0.000	80.258	5.260	15.780
b51	5.292	59.092	5.292	15.875
b42	5.292	74.966	5.172	20.688
b22	0.000	96.038	10.488	6.293
b11	0.000	102.331	4.717	18.868
b20	4.717	102.331	5.774	4.330
b65	4.717	106.661	5.802	17.407
b33	10.583	0.000	10.954	2.739
b45	21.537	0.000	10.954	2.739
b49	10.583	2.739	21.448	5.362
b36	32.031	2.739	19.244	5.248
b6	10.583	8.101	7.616	3.808
b28	18.199	8.101	15.362	3.841
b54	10.583	11.941	13.565	3.391
b62	24.148	11.941	13.565	3.391
b26	10.583	15.332	17.550	4.786
b68	28.133	15.332	19.494	4.873
b47	10.583	20.206	4.637	18.547
b90	10.583	38.753	4.359	8.718
b98	10.583	47.471	4.320	12.961
b40	10.583	60.432	4.397	6.595
b2	10.583	67.028	4.359	17.436
b10	10.583	84.463	4.387	7.521
b3	10.583	91.985	4.243	16.971
b87	10.583	108.955	4.655	13.964
b63	15.238	20.206	4.743	9.487
b84	19.981	20.206	9.129	5.477
b16	29.110	20.206	13.317	5.707
b91	42.427	20.206	12.871	5.516
b85	19.981	25.913	3.317	3.618
b29	23.298	25.913	14.967	3.742
b27	38.264	25.913	7.483	3.742
b31	45.748	25.913	9.661	3.623
b97	15.238	29.692	6.481	6.481
b0	21.718	29.692	8.641	6.481
b80	30.359	29.692	4.743	6.325
b25	35.103	29.692	8.869	6.652
b23	43.972	29.692	11.255	3.376
b88	43.972	33.069	10.801	3.240
b82	15.238	36.345	18.348	5.505
b72	33.586	36.345	21.150	5.768
b12	15.238	42.113	10.392	5.196
b38	25.630	42.113	9.129	5.477
b89	34.759	42.113	7.394	5.545
b61	42.152	42.113	8.944	2.236
b74	42.152	44.349	12.961	3.240
b44	15.238	47.658	22.091	5.523
b14	37.328	47.658	17.795	5.339
b67	15.238	53.181	16.371	4.093
b94	31.608	53.181	15.875	3.969
b93	15.238	57.273	14.166	6.071
b73	29.403	57.273	25.140	6.285
b78	15.238	63.558	8.367	3.586
b18	15.238	67.144	8.426	8.426
b24	15.238	75.570	7.916	5.937
b55	15.238	81.507	8.246	8.246
b56	15.238	89.754	7.937	3.402
b79	15.238	93.155	8.352	11.136
b43	15.238	104.291	4.500	18.000
b4	19.738	104.291	3.830	4.178
b58	19.738	108.469	3.905	15.620
b76	23.664	63.558	3.416	5.855
b71	27.080	63.558	10.083	6.050
b46	37.163	63.558	5.500	6.000
b37	42.663	63.558	12.329	3.082
b53	42.663	66.641	11.832	2.958
b1	23.664	69.608	19.244	5.248
b41	42.908	69.608	11.733	5.028
b35	23.664	74.857	12.410	3.384
b70	36.074	74.857	13.565	3.391
b32	23.664	78.248	14.048	5.268
b64	37.711	78.248	17.416	5.225
b60	23.664	83.516	9.950	3.317
b19	23.664	86.832	9.574	5.745
b69	23.664	92.577	9.916	5.950
b81	23.664	98.526	10.066	7.550
b48	23.664	106.076	3.969	15.875
b52	27.633	106.076	5.802	17.407
b30	33.730	83.516	2.398	9.592
b83	36.128	83.516	3.354	4.472
b92	36.128	87.988	3.367	5.050
b86	39.495	83.516	15.916	4.775
b59	39.495	88.290	15.916	4.775
b34	33.730	93.107	9.916	5.950
b57	43.647	93.107	11.489	2.872
b95	43.647	95.979	11.255	3.376
b9	33.730	99.356	3.391	6.782
b21	37.122	99.356	18.037	6.764
b8	33.730	106.138	21.150	5.768
b13	33.730	111.906	21.354	5.339
b77	33.730	117.245	20.785	6.928
