name	x	y	w	h
b59	0.000	0.000	11.533	6.590
b77	0.000	6.590	7.937	18.142
b29	7.937	6.590	3.742	14.967
b30	11.679	0.000	4.796	4.796
b65	11.679	4.796	5.025	20.100
b27	16.704	0.000	4.183	6.693
b16	16.704	6.693	4.359	17.436
b39	21.063	0.000	16.424	5.054
b15	21.063	5.054	12.480	7.131
b73	21.063	12.185	12.570	12.570
b83	33.633	5.054	3.491	4.297
b34	33.633	9.350	3.841	15.362
b68	37.487	0.000	7.706	12.329
b1	37.487	12.329	7.945	12.712
b78	45.432	0.000	4.330	6.928
b96	45.432	6.928	4.583	18.330
b40	50.015	0.000	4.854	5.974
b47	50.015	5.974	4.637	18.547
b88	54.869	0.000	2.958	11.832
b89	54.869	11.832	3.202	12.806
b48	58.070	0.000	5.250	12.000
b94	58.070	12.000	5.250	12.000
b85	63.320	0.000	4.583	2.619
b49	63.320	2.619	5.362	21.448
b46	68.682	0.000	4.541	7.266
b86	68.682	7.266	4.359	17.436
b7	73.224	0.000	4.541	7.266
b81	73.224	7.266	4.359	17.436
b33	77.765	0.000	4.330	6.928
b51	77.765	6.928	4.583	18.330
b20	82.348	0.000	3.953	6.325
b18	82.348	6.325	4.213	16.852
b37	86.561	0.000	3.082	12.329
b74	86.561	12.329	3.240	12.961
b62	89.801	0.000	10.724	4.290
b0	89.801	4.290	7.483	7.483
b6	97.284	4.290	3.562	8.142
b60	89.801	12.431	2.872	11.489
b67	92.673	12.431	8.185	8.185
b23	92.673	20.616	8.155	4.660
b19	100.859	0.000	6.685	8.228
b42	100.859	8.228	6.842	15.639
b25	107.701	0.000	12.145	4.858
b54	107.701	4.858	12.227	3.762
b98	107.701	8.620	11.832	4.733
b17	107.701	13.353	9.539	11.741
b45	117.240	13.353	2.739	10.954
b28	119.979	0.000	6.072	9.716
b14	119.979	9.716	6.447	14.736
b92	126.426	0.000	4.123	4.123
b99	126.426	4.123	5.244	20.976
b41	131.670	0.000	7.681	7.681
b66	131.670	7.681	7.685	17.566
b53	139.355	0.000	2.958	11.832
b97	139.355	11.832	3.240	12.961
b5	142.595	0.000	6.072	9.716
b93	142.595	9.716	6.134	14.020
b56	148.729	0.000	4.684	5.765
b11	148.729	5.765	4.717	18.868
b63	153.446	0.000	6.708	6.708
b12	153.446	6.708	6.624	8.152
b22	153.446	14.861	6.423	10.276
b8	160.154	0.000	9.956	12.254
b44	160.154	12.254	9.956	12.254
b70	170.110	0.000	8.972	5.127
b9	170.110	5.127	8.646	2.660
b2	170.110	7.787	4.359	17.436
b32	174.469	7.787	4.301	17.205
b84	179.083	0.000	11.180	4.472
b24	179.083	4.472	10.840	4.336
b13	179.083	8.808	7.062	16.142
b50	186.145	8.808	4.093	16.371
b58	190.263	0.000	6.175	9.879
b26	190.263	9.879	6.062	13.856
b57	196.438	0.000	7.599	4.342
b91	196.438	4.342	8.426	8.426
b61	196.438	12.769	8.062	2.481
b43	196.438	15.249	8.112	9.985
b75	204.864	0.000	4.583	4.583
b82	204.864	4.583	5.025	20.100
b35	209.889	0.000	3.240	12.961
b90	209.889	12.961	3.082	12.329
b10	213.129	0.000	3.800	8.685
b55	213.129	8.685	4.123	16.492
b21	217.252	0.000	8.732	13.971
b36	217.252	13.971	9.059	11.149
b76	226.311	0.000	3.536	5.657
b38	229.846	0.000	9.354	5.345
b72	239.201	0.000	22.091	5.523
b80	226.311	5.657	2.739	10.954
b4	226.311	16.611	2.646	6.047
b71	229.050	5.657	6.175	9.879
b69	229.050	15.536	6.072	9.716
b64	235.224	5.657	4.770	19.079
b3	239.994	5.657	8.485	8.485
b95	248.479	5.657	12.329	3.082
b87	248.479	8.739	12.748	5.099
b31	239.994	14.142	5.916	5.916
b79	245.910	14.142	15.248	6.099
b52	239.994	20.241	20.100	5.025
