name	x	y	w	h
b170	0.000	0.000	4.743	7.589
b194	4.743	0.000	8.062	8.062
b180	12.806	0.000	1.936	7.746
b198	14.742	0.000	4.472	7.155
b164	19.214	0.000	4.402	7.043
b199	23.616	0.000	7.000	7.000
b169	30.616	0.000	5.362	8.579
b144	35.978	0.000	8.062	3.225
b137	35.978	3.225	7.746	1.936
b159	35.978	5.161	8.803	3.521
b184	44.781	0.000	3.742	3.742
b187	44.781	3.742	4.359	4.359
b171	49.140	0.000	6.557	6.557
b178	49.140	6.557	5.477	2.191
b186	55.698	0.000	3.791	6.066
b133	55.698	6.066	2.449	2.449
b174	59.489	0.000	2.121	8.485
b179	61.610	0.000	16.248	4.062
b153	61.610	4.062	4.243	4.243
b121	65.853	4.062	11.402	4.561
b176	0.000	8.748	1.732	6.928
b139	1.732	8.748	4.809	7.694
b162	6.541	8.748	1.803	7.211
b177	0.000	16.442	4.899	4.899
b158	4.899	16.442	3.260	5.215
b197	0.000	21.658	6.072	9.716
b70	6.072	21.658	2.121	8.485
b154	0.000	31.374	4.062	16.248
b193	4.062	31.374	4.031	16.125
b189	0.000	47.622	4.796	4.796
b135	4.796	47.622	3.536	5.657
b147	0.000	53.279	3.742	3.742
b185	3.742	53.279	4.583	4.583
b181	0.000	57.861	4.796	4.796
b134	4.796	57.861	3.260	5.215
b156	0.000	63.077	5.385	5.385
b150	5.385	63.077	2.958	4.733
b196	0.000	68.462	2.398	9.592
b100	0.000	78.054	2.449	9.798
b173	2.449	68.462	2.872	11.489
b195	5.322	68.462	2.828	11.314
b149	2.449	79.951	2.121	8.485
b191	4.571	79.951	3.742	14.967
b163	8.344	8.748	6.937	11.100
b155	15.281	8.748	1.225	4.899
b106	8.344	19.848	5.477	8.764
b157	13.821	19.848	2.121	8.485
b190	8.344	28.611	6.708	6.708
b109	15.052	28.611	1.581	6.325
b188	8.344	35.320	2.958	11.832
b140	11.302	35.320	5.292	1.323
b175	11.302	36.643	1.936	7.746
b104	13.238	36.643	2.828	11.314
b145	8.344	47.956	5.863	9.381
b167	14.207	47.956	2.449	9.798
b192	8.344	57.754	4.690	4.690
b182	13.034	57.754	3.062	4.899
b151	8.344	62.653	8.000	2.000
b51	8.344	64.653	3.428	13.711
b142	8.344	78.364	3.354	13.416
b93	11.771	64.653	4.541	7.266
b94	11.771	71.920	1.500	6.000
b160	13.271	71.920	3.162	5.060
b110	13.271	76.979	3.000	12.000
b95	16.656	8.748	8.944	3.578
b148	25.600	8.748	4.000	4.000
b166	16.656	12.748	4.000	4.000
b141	20.656	12.748	8.803	3.521
b108	16.656	16.748	3.873	3.873
b72	20.529	16.748	10.000	4.000
b116	16.656	20.748	7.483	7.483
b96	24.139	20.748	6.325	6.325
b136	16.656	28.232	6.519	2.608
b161	23.175	28.232	7.246	2.898
b172	16.656	31.130	5.292	5.292
b127	21.948	31.130	8.718	2.179
b112	21.948	33.309	8.660	3.464
b168	16.656	36.773	9.083	3.633
b138	25.739	36.773	4.899	4.899
b146	16.656	41.672	6.325	6.325
b115	22.981	41.672	6.325	6.325
b57	16.656	47.997	5.745	5.745
b113	22.401	47.997	6.557	6.557
b120	16.656	54.554	4.899	4.899
b68	21.555	54.554	8.660	3.464
b183	16.656	59.453	9.381	2.345
b88	16.656	61.799	5.184	8.295
b83	16.656	70.093	5.000	5.000
b129	16.656	75.093	4.243	16.971
b59	21.840	61.799	8.718	8.718
b107	21.840	70.516	2.550	10.198
b84	24.390	70.516	5.969	9.550
b52	21.840	80.714	3.000	12.000
b97	24.840	80.714	5.000	5.000
b165	24.840	85.714	5.534	8.854
b43	30.665	8.748	5.534	8.854
b99	36.199	8.748	2.598	10.392
b130	38.798	8.748	16.852	4.213
b91	55.650	8.748	10.488	4.195
b123	38.798	12.961	8.246	2.062
b111	38.798	15.023	2.372	3.795
b125	41.169	15.023	4.243	4.243
b29	45.412	15.023	4.000	4.000
b103	49.412	12.961	12.166	3.041
b152	49.412	16.003	12.490	3.122
b118	61.902	12.961	14.000	3.500
b128	61.902	16.461	11.314	2.828
b143	30.665	19.290	16.971	4.243
b85	47.636	19.290	16.000	4.000
b126	30.665	23.532	12.329	3.082
b105	42.994	23.532	13.711	3.428
b86	30.665	26.960	3.623	5.797
b44	30.665	32.757	3.162	5.060
b78	30.665	37.816	3.162	12.649
b74	30.665	50.466	3.446	5.514
b62	30.665	55.979	3.873	15.492
b56	30.665	71.471	3.536	5.657
b79	30.665	77.128	3.953	6.325
b119	30.665	83.453	2.784	11.136
b87	34.618	26.960	4.402	7.043
b60	39.020	26.960	6.164	6.164
b117	45.184	26.960	4.472	7.155
b131	49.657	26.960	4.031	6.450
b31	53.688	26.960	3.708	5.933
b63	57.396	26.960	6.892	2.757
b122	64.288	26.960	13.565	3.391
b77	57.396	30.351	5.916	2.366
b50	63.312	30.351	14.142	3.536
b54	34.618	34.116	3.953	6.325
b73	38.571	34.116	3.953	6.325
b114	42.524	34.116	4.108	6.573
b12	46.632	34.116	14.697	3.674
b82	46.632	37.790	12.329	3.082
b101	61.329	34.116	16.613	4.153
b48	61.329	38.269	9.592	2.398
b89	34.618	40.872	7.746	1.936
b124	42.364	40.872	8.718	2.179
b67	34.618	43.052	15.232	3.808
b64	49.850	43.052	18.000	4.500
b47	34.618	47.552	2.739	4.382
b36	34.618	51.933	2.739	4.382
b92	34.618	56.315	3.000	12.000
b102	34.618	68.315	2.915	11.662
b5	34.618	79.977	3.122	12.490
b37	37.741	47.552	6.928	1.732
b33	37.741	49.284	4.899	4.899
b17	42.640	49.284	5.568	5.568
b69	37.741	54.851	5.099	5.099
b75	42.840	54.851	4.796	4.796
b6	37.741	59.950	5.916	2.366
b66	37.741	62.317	5.916	5.916
b80	43.657	59.950	1.414	5.657
b14	45.071	59.950	2.958	4.733
b41	45.071	64.683	3.162	3.162
b90	37.741	68.233	9.874	3.950
b35	37.741	72.183	4.243	4.243
b13	37.741	76.425	4.387	17.550
b0	42.128	72.183	2.291	9.165
b132	42.128	81.348	2.345	9.381
b18	44.474	72.183	3.791	6.066
b9	44.474	78.249	3.742	14.967
b53	48.265	47.552	2.622	4.195
b28	50.887	47.552	12.550	5.020
b71	63.437	47.552	14.283	3.571
b76	63.437	51.122	3.873	1.549
b98	67.310	51.122	7.746	1.936
b23	48.265	53.059	12.000	3.000
b45	60.265	53.059	6.892	2.757
b42	67.157	53.059	10.954	2.739
b81	48.265	56.059	3.791	6.066
b49	48.265	62.125	3.354	13.416
b30	48.265	75.542	3.260	5.215
b2	48.265	80.757	3.571	14.283
b34	52.056	56.059	8.062	3.225
b24	60.119	56.059	5.916	2.366
b65	66.035	56.059	12.000	3.000
b26	52.056	59.284	12.490	3.122
b22	64.546	59.284	12.166	3.041
b21	52.056	62.406	12.349	4.940
b15	64.405	62.406	13.601	5.441
b7	52.056	67.847	7.246	2.898
b11	59.302	67.847	6.708	2.683
b1	66.010	67.847	10.392	2.598
b38	52.056	70.745	2.784	11.136
b3	52.056	81.881	2.784	11.136
b39	54.840	70.745	5.303	8.485
b20	54.840	79.230	4.541	7.266
b4	54.840	86.497	4.330	6.928
b55	60.144	70.745	3.708	5.933
b32	63.852	70.745	10.392	2.598
b25	63.852	73.343	13.711	3.428
b19	60.144	76.771	1.803	7.211
b16	60.144	83.982	1.936	7.746
b46	62.080	76.771	5.099	5.099
b40	62.080	81.870	3.202	12.806
b8	65.282	81.870	2.121	8.485
b61	67.403	76.771	3.162	12.649
b27	70.565	76.771	6.892	2.757
b10	70.565	79.528	3.606	14.422
b58	74.171	79.528	2.646	10.583
