name	x	y	w	h
b4	0.000	0.000	5.292	3.024
b79	0.000	3.024	5.391	17.251
b8	0.000	20.275	5.523	22.091
b47	0.000	42.366	5.184	16.589
b52	0.000	58.955	5.618	17.978
b61	0.000	76.932	5.477	3.651
b86	0.000	80.584	5.339	14.236
b82	0.000	94.820	5.618	17.978
b56	5.618	0.000	10.392	2.598
b76	16.010	0.000	7.746	2.582
b39	5.618	2.598	10.186	8.149
b69	5.618	10.747	10.161	5.806
b48	5.618	16.553	10.500	6.000
b12	5.618	22.553	10.392	5.196
b1	5.618	27.749	5.618	17.978
b14	11.236	27.749	4.873	19.494
b24	5.618	47.243	10.283	4.570
b99	5.618	51.813	5.863	18.762
b81	11.481	51.813	4.359	17.436
b15	5.618	70.575	4.717	18.868
b38	10.335	70.575	5.303	9.428
b62	10.335	80.003	5.087	9.043
b63	5.618	89.443	5.562	8.090
b90	11.180	89.443	4.873	7.797
b35	5.618	97.533	10.247	4.099
b77	5.618	101.632	10.392	13.856
b42	16.118	2.598	20.688	5.172
b96	36.806	2.598	16.523	5.084
b65	16.118	7.770	15.890	6.356
b73	32.008	7.770	25.140	6.285
b89	16.118	14.126	4.528	9.055
b18	20.646	14.126	7.595	9.348
b58	16.118	23.474	11.715	5.207
b64	16.118	28.681	8.261	11.015
b37	24.379	28.681	3.775	10.066
b7	16.118	39.696	8.124	4.062
b83	24.242	39.696	3.750	4.000
b43	16.118	43.758	8.714	9.295
b80	24.832	43.758	3.354	8.944
b6	16.118	53.053	3.010	9.633
b45	19.128	53.053	3.062	9.798
b5	22.190	53.053	6.072	9.716
b91	16.118	62.851	6.320	11.235
b22	22.438	62.851	5.745	11.489
b40	16.118	74.340	6.021	4.817
b33	22.139	74.340	6.124	4.899
b50	16.118	79.239	6.787	9.872
b84	22.905	79.239	5.303	9.428
b54	16.118	89.111	11.747	3.916
b72	16.118	93.027	5.523	22.091
b71	21.641	93.027	6.476	9.420
b51	21.641	102.447	6.481	12.961
b66	28.263	14.126	23.238	5.809
b57	51.501	14.126	5.745	5.745
b36	28.263	19.936	13.295	7.597
b44	41.558	19.936	15.620	7.810
b94	28.263	27.746	15.370	4.099
b19	43.633	27.746	13.370	4.114
b27	28.263	31.860	4.770	5.870
b3	33.032	31.860	12.000	6.000
b53	45.032	31.860	11.832	2.958
b31	45.032	34.818	11.832	2.958
b29	28.263	37.860	14.000	4.000
b41	42.263	37.860	14.874	3.967
b74	28.263	41.860	12.550	3.347
b70	40.813	41.860	13.565	3.391
b25	28.263	45.251	12.738	4.632
b16	41.001	45.251	16.310	4.660
b32	28.263	49.911	13.601	5.441
b93	41.864	49.911	15.379	5.592
b23	28.263	55.503	6.892	5.514
b21	35.155	55.503	22.091	5.523
b87	28.263	61.026	15.612	4.163
b0	43.875	61.026	13.491	4.151
b11	28.263	65.189	16.340	5.447
b55	44.603	65.189	12.369	5.497
b78	28.263	70.686	6.124	4.899
b49	34.387	70.686	21.448	5.362
b2	28.263	76.048	16.310	4.660
b34	44.572	76.048	12.738	4.632
b68	28.263	80.708	16.163	5.878
b59	44.426	80.708	13.077	5.812
b28	28.263	86.586	6.072	9.716
b17	28.263	96.302	5.916	18.931
b97	34.335	86.586	6.062	6.928
b10	40.397	86.586	4.763	6.928
b26	45.161	86.586	12.124	6.928
b75	34.335	93.514	6.481	3.240
b92	40.816	93.514	5.050	3.367
b95	45.866	93.514	11.533	3.295
b60	34.335	96.880	5.374	6.141
b67	34.335	103.022	5.414	12.375
b46	39.749	96.880	9.950	3.317
b20	49.699	96.880	7.500	3.333
b85	39.749	100.214	2.291	5.237
b9	39.749	105.451	2.398	9.592
b98	42.147	100.214	14.967	3.742
b30	42.147	103.955	5.874	3.916
b88	48.021	103.955	9.354	3.742
b13	42.147	107.871	15.100	7.550
