name	x	y	w	h
b95	0.000	0.000	4.873	7.797
b82	4.873	0.000	10.050	10.050
b67	14.923	0.000	6.471	10.354
b83	21.394	0.000	1.936	7.746
b69	23.331	0.000	6.072	9.716
b92	29.403	0.000	2.062	8.246
b52	31.465	0.000	15.890	6.356
b87	31.465	6.356	16.125	4.031
b14	47.589	0.000	19.494	4.873
b81	47.589	4.873	13.784	5.514
b78	61.373	4.873	5.477	5.477
b33	67.083	0.000	2.739	10.954
b50	69.822	0.000	6.471	10.354
b23	76.293	0.000	4.873	7.797
b41	81.166	0.000	6.072	9.716
b71	87.239	0.000	15.620	3.905
b68	87.239	3.905	15.411	6.164
b73	0.000	10.954	6.285	25.140
b49	0.000	36.094	5.362	21.448
b59	6.285	10.954	6.892	11.027
b96	13.177	10.954	7.246	11.593
b51	6.285	22.548	4.583	18.330
b84	10.867	22.548	5.590	8.944
b98	10.867	31.492	5.916	9.466
b85	16.784	22.548	2.739	4.382
b63	16.784	26.929	3.354	13.416
b48	6.285	40.958	12.550	5.020
b89	6.285	45.978	12.806	3.202
b80	6.285	49.179	10.954	2.739
b79	6.285	51.918	4.822	19.287
b43	11.107	51.918	4.500	18.000
b64	15.607	51.918	4.770	19.079
b40	20.423	10.954	4.257	6.812
b28	20.423	17.766	3.841	15.362
b24	20.423	33.128	3.428	13.711
b53	20.423	46.840	4.677	7.483
b91	20.423	54.323	4.213	16.852
b75	25.100	10.954	2.291	9.165
b45	25.100	20.120	2.739	10.954
b11	27.838	10.954	4.717	18.868
b18	27.838	29.822	4.213	16.852
b22	32.555	10.954	6.423	10.276
b37	38.978	10.954	3.082	12.329
b0	32.555	23.283	3.742	14.967
b38	36.297	23.283	5.590	8.944
b60	36.297	32.228	5.745	5.745
b46	32.555	38.250	2.872	11.489
b70	32.555	49.739	3.391	13.565
b58	35.946	38.250	6.175	9.879
b56	35.946	48.129	5.196	5.196
b35	35.946	53.325	5.123	8.198
b5	35.946	61.523	6.072	9.716
b16	42.121	10.954	17.436	4.359
b86	59.557	10.954	17.436	4.359
b3	76.992	10.954	16.971	4.243
b57	93.963	10.954	9.083	3.633
b94	42.121	15.313	7.937	7.937
b36	42.121	23.251	10.050	10.050
b66	42.121	33.300	9.186	14.697
b21	42.121	47.997	5.523	22.091
b99	47.644	47.997	5.244	20.976
b76	52.888	15.313	2.236	8.944
b97	55.124	15.313	5.123	8.198
b31	60.247	15.313	11.832	2.958
b44	60.247	18.271	17.464	6.986
b90	77.712	15.313	4.873	7.797
b62	82.585	15.313	10.724	4.290
b88	93.309	15.313	9.354	3.742
b2	82.585	19.603	13.784	5.514
b20	96.369	19.603	5.000	5.000
b77	52.888	25.257	6.000	24.000
b72	52.888	49.257	5.523	22.091
b17	58.888	25.257	21.166	5.292
b13	80.054	25.257	21.354	5.339
b15	58.888	30.596	14.916	5.967
b39	73.804	30.596	14.405	5.762
b47	88.209	30.596	14.663	5.865
b8	58.888	36.562	22.091	5.523
b1	80.978	36.562	20.100	5.025
b27	58.888	42.085	5.292	5.292
b61	58.888	47.376	4.472	4.472
b26	58.888	51.849	4.583	18.330
b10	64.179	42.085	4.541	7.266
b65	64.179	49.351	5.025	20.100
b54	69.204	42.085	3.391	13.565
b25	69.204	55.650	3.841	15.362
b29	73.045	42.085	14.967	3.742
b19	88.011	42.085	14.832	3.708
b6	73.045	45.827	10.770	2.693
b7	83.815	45.827	11.489	2.872
b42	73.045	48.699	5.172	20.688
b9	78.217	48.699	3.791	6.066
b12	78.217	54.765	3.674	14.697
b30	82.008	48.699	7.583	3.033
b74	82.008	51.732	3.240	12.961
b93	85.249	51.732	4.637	18.547
b4	89.885	48.699	8.000	2.000
b32	89.885	50.699	4.301	17.205
b34	94.187	50.699	3.841	15.362
b55	98.027	48.699	4.123	16.492
