name	x	y	w	h
b2	0.000	0.000	16.475	4.613
b7	16.475	0.000	6.866	4.806
b47	23.341	0.000	17.525	4.907
b18	40.867	0.000	14.938	4.753
b14	55.805	0.000	19.494	4.873
b87	75.298	0.000	13.283	4.894
b63	88.581	0.000	10.142	4.437
b35	98.723	0.000	8.832	4.756
b51	107.554	0.000	17.321	4.850
b8	0.000	4.907	5.523	22.091
b73	0.000	26.998	6.285	25.140
b65	6.285	4.907	18.992	5.318
b52	25.277	4.907	18.992	5.318
b22	44.270	4.907	13.384	4.931
b41	57.654	4.907	11.613	5.081
b5	69.267	4.907	11.613	5.081
b29	80.880	4.907	11.314	4.950
b19	92.194	4.907	11.212	4.905
b13	103.406	4.907	21.354	5.339
b31	6.285	10.246	2.958	11.832
b33	6.285	22.078	2.739	10.954
b44	9.243	10.246	5.523	22.091
b26	9.243	32.336	5.477	15.336
b58	14.766	10.246	3.905	15.620
b91	14.766	25.866	4.213	16.852
b88	18.979	10.246	2.958	11.832
b74	18.979	22.078	3.240	12.961
b40	22.219	10.246	10.770	2.693
b62	22.219	12.938	11.174	4.117
b92	33.393	10.246	6.234	2.727
b56	33.393	12.973	6.211	4.347
b66	39.627	10.246	19.142	7.052
b79	58.769	10.246	13.142	7.077
b85	71.911	10.246	1.732	6.928
b75	73.643	10.246	3.122	6.725
b71	76.766	10.246	9.335	6.535
b37	86.101	10.246	5.464	6.954
b3	91.565	10.246	10.142	7.099
b83	101.707	10.246	2.315	6.481
b77	104.021	10.246	21.274	6.769
b68	22.219	17.345	4.873	19.494
b97	22.219	36.839	4.899	8.573
b23	22.219	45.412	4.660	8.155
b11	27.118	17.345	4.717	18.868
b59	27.118	36.213	4.359	17.436
b43	31.835	17.345	5.379	15.060
b49	31.835	32.405	5.362	21.448
b32	37.214	17.345	14.172	5.221
b94	51.386	17.345	12.000	5.250
b86	63.386	17.345	14.363	5.292
b36	77.749	17.345	18.992	5.318
b38	96.741	17.345	9.636	5.189
b82	106.377	17.345	18.992	5.318
b69	37.214	22.663	3.841	15.362
b34	37.214	38.025	3.841	15.362
b64	41.054	22.663	6.500	14.000
b42	41.054	36.663	6.182	17.309
b61	47.554	22.663	4.226	4.733
b84	47.554	27.396	4.226	11.832
b30	47.554	39.228	4.251	5.410
b90	47.554	44.638	4.200	9.047
b57	51.805	22.663	3.914	8.431
b45	51.805	31.094	3.732	8.038
b6	51.805	39.132	3.669	7.903
b20	51.805	47.035	3.780	6.614
b39	55.719	22.663	6.208	13.370
b99	55.719	36.033	6.268	17.550
b81	61.987	22.663	4.359	17.436
b0	61.987	40.098	4.472	12.522
b67	66.459	22.663	8.185	8.185
b21	66.459	30.848	8.350	14.612
b53	66.459	45.460	4.472	7.826
b10	70.932	45.460	3.914	8.431
b98	74.846	22.663	10.198	5.491
b50	74.846	28.154	9.783	6.848
b96	74.846	35.002	4.583	18.330
b78	79.428	35.002	5.175	5.797
b25	79.428	40.799	5.234	11.273
b1	85.044	22.663	18.992	5.318
b17	104.036	22.663	21.166	5.292
b12	85.044	27.981	10.014	5.392
b27	85.044	33.373	10.000	2.800
b76	85.044	36.173	4.472	4.472
b48	85.044	40.645	4.743	13.282
b4	89.787	36.173	5.451	2.935
b16	89.787	39.108	5.210	14.588
b89	95.238	27.981	5.275	7.773
b95	95.238	35.754	5.464	6.954
b28	95.238	42.708	5.234	11.273
b54	100.703	27.981	12.024	3.826
b24	112.726	27.981	12.154	3.867
b9	100.703	31.848	3.268	7.038
b70	100.703	38.886	3.391	13.565
b60	104.094	31.848	5.745	5.745
b15	109.838	31.848	15.543	5.726
b46	104.094	37.592	5.745	5.745
b93	109.838	37.592	15.278	5.629
b80	104.094	43.337	6.547	4.583
b55	110.640	43.337	14.619	4.651
b72	104.094	47.988	20.874	5.845
