name	x	y	w	h
b179	0.000	0.000	12.845	5.138
b190	0.000	5.138	10.607	4.243
b121	12.845	0.000	7.211	7.211
b174	12.845	7.211	6.708	2.683
b116	20.056	0.000	5.916	9.466
b168	25.972	0.000	5.745	5.745
b184	25.972	5.745	3.742	3.742
b158	31.717	0.000	6.519	2.608
b169	31.717	2.608	6.782	6.782
b185	38.499	0.000	2.291	9.165
b193	40.791	0.000	16.125	4.031
b152	56.915	0.000	9.874	3.950
b192	66.789	0.000	7.416	2.966
b172	74.206	0.000	8.367	3.347
b132	40.791	4.031	3.708	5.933
b182	44.499	4.031	7.746	1.936
b155	44.499	5.968	1.936	3.098
b147	46.435	5.968	7.483	1.871
b180	46.435	7.838	7.746	1.936
b187	54.181	4.031	3.446	5.514
b165	57.627	4.031	14.000	3.500
b142	71.627	4.031	13.416	3.354
b177	57.627	7.531	9.798	2.449
b161	67.425	7.531	9.165	2.291
b186	76.590	7.531	9.592	2.398
b139	0.000	9.981	6.083	6.083
b123	0.000	16.063	6.519	2.608
b160	0.000	18.671	3.162	5.060
b138	3.162	18.671	3.873	6.197
b188	0.000	24.868	4.677	7.483
b127	4.677	24.868	2.179	8.718
b159	0.000	33.586	2.784	11.136
b167	2.784	33.586	3.873	6.197
b156	2.784	39.782	4.257	6.812
b197	0.000	46.594	6.072	9.716
b129	0.000	56.310	6.708	10.733
b166	0.000	67.043	6.325	2.530
b199	0.000	69.573	3.500	14.000
b146	3.500	69.573	3.162	12.649
b126	7.041	9.981	6.164	6.164
b189	7.041	16.145	7.583	3.033
b175	14.624	9.981	6.124	2.449
b118	20.748	9.981	14.000	3.500
b196	14.624	13.481	3.791	6.066
b164	18.416	13.481	5.568	5.568
b170	23.983	13.481	6.000	6.000
b110	29.983	13.481	6.000	6.000
b134	35.983	9.981	2.062	8.246
b171	38.045	9.981	13.115	3.279
b144	51.160	9.981	8.062	3.225
b195	59.222	9.981	8.944	3.578
b194	68.166	9.981	16.125	4.031
b135	38.045	14.012	8.944	2.236
b117	38.045	16.248	8.944	3.578
b154	46.989	14.012	12.845	5.138
b191	59.834	14.012	11.832	4.733
b163	71.667	14.012	13.874	5.550
b173	7.041	19.826	4.541	7.266
b133	11.583	19.826	1.225	4.899
b141	7.041	27.092	5.568	5.568
b113	7.041	32.660	5.184	8.295
b176	7.041	40.954	1.732	6.928
b85	8.773	40.954	4.000	16.000
b157	7.041	56.954	3.354	5.367
b150	10.395	56.954	1.871	7.483
b137	7.041	64.438	3.873	3.873
b183	7.041	68.311	2.345	9.381
b153	9.386	68.311	3.354	5.367
b99	9.386	73.677	2.598	10.392
b71	12.807	19.826	5.646	9.033
b136	18.453	19.826	2.062	8.246
b124	12.807	28.859	6.892	2.757
b145	12.807	31.616	3.708	14.832
b130	16.516	31.616	4.213	16.852
b112	12.807	48.468	5.477	5.477
b140	18.285	48.468	1.323	5.292
b178	12.807	53.945	6.928	1.732
b143	12.807	55.677	4.243	16.971
b90	12.807	72.648	3.122	12.490
b108	17.050	55.677	3.873	3.873
b181	17.050	59.550	3.791	6.066
b89	17.050	65.616	3.873	3.873
b84	17.050	69.489	3.775	15.100
b70	20.923	19.826	2.121	8.485
b111	23.044	19.826	2.372	3.795
b80	23.044	23.620	2.236	3.578
b107	20.923	28.311	4.031	6.450
b55	20.923	34.761	3.708	5.933
b151	20.923	40.694	4.000	4.000
b74	20.923	44.694	4.359	4.359
b62	20.923	49.052	3.873	15.492
b125	20.923	64.544	4.243	4.243
b101	20.923	68.787	4.153	16.613
b91	25.416	19.826	3.317	13.266
b104	28.733	19.826	2.828	11.314
b103	25.416	33.092	3.041	12.166
b198	28.457	33.092	2.828	11.314
b60	25.416	45.258	6.164	6.164
b109	25.416	51.422	2.500	4.000
b68	25.416	55.422	2.739	10.954
b149	28.155	51.422	3.354	5.367
b114	28.155	56.789	2.598	10.392
b56	25.416	67.181	4.472	4.472
b88	25.416	71.653	3.279	13.115
b119	28.695	71.653	2.784	11.136
b26	31.581	19.826	9.874	3.950
b47	41.455	19.826	3.464	3.464
b105	44.919	19.826	13.711	3.428
b52	58.630	19.826	9.487	3.795
b131	68.117	19.826	8.062	3.225
b61	76.179	19.826	10.000	4.000
b106	31.581	23.826	10.954	4.382
b95	31.581	28.207	11.314	2.828
b5	42.894	23.826	6.245	6.245
b32	49.139	23.826	4.108	6.573
b43	53.247	23.826	7.000	7.000
b2	60.247	23.826	7.141	7.141
b59	67.389	23.826	17.436	4.359
b48	67.389	28.184	9.592	2.398
b73	31.581	31.036	2.500	10.000
b162	34.081	31.036	3.606	3.606
b79	34.081	34.641	3.953	6.325
b28	31.581	41.036	6.275	10.040
b96	31.581	51.076	6.325	6.325
b115	31.581	57.400	6.325	6.325
b93	31.581	63.725	5.745	5.745
b122	31.581	69.469	3.391	13.565
b58	34.972	69.469	2.646	10.583
b41	38.033	31.036	3.162	3.162
b86	41.196	31.036	7.246	2.898
b92	48.441	31.036	12.000	3.000
b148	60.441	31.036	6.325	2.530
b8	66.766	31.036	6.708	2.683
b78	73.474	31.036	12.649	3.162
b87	38.033	34.198	2.784	11.136
b97	38.033	45.334	2.500	10.000
b21	40.817	34.198	6.175	9.879
b120	46.992	34.198	2.449	9.798
b25	49.441	34.198	5.420	8.672
b46	54.861	34.198	2.550	10.198
b83	57.411	34.198	2.500	10.000
b54	59.911	34.198	2.500	10.000
b67	62.411	34.198	6.021	9.633
b13	68.431	34.198	17.550	4.387
b102	68.431	38.585	11.662	2.915
b57	68.431	41.501	11.489	2.872
b53	40.817	44.396	3.317	3.317
b94	44.134	44.396	3.000	3.000
b76	47.134	44.396	1.936	3.098
b66	49.070	44.396	11.832	2.958
b63	60.903	44.396	6.892	2.757
b65	67.795	44.396	12.000	3.000
b19	79.795	44.396	5.701	2.280
b75	40.817	47.713	9.592	2.398
b37	40.817	50.111	3.464	3.464
b49	40.817	53.575	3.354	13.416
b45	40.817	66.991	3.446	5.514
b22	40.817	72.505	3.041	12.166
b82	44.281	50.111	6.164	6.164
b51	44.281	56.275	5.420	8.672
b128	44.281	64.947	5.657	5.657
b29	44.281	70.604	2.000	8.000
b12	46.281	70.604	3.674	14.697
b6	50.446	47.713	1.871	7.483
b17	50.446	55.196	2.784	11.136
b81	50.446	66.332	2.398	9.592
b98	50.446	75.923	1.936	7.746
b11	53.230	47.713	4.243	4.243
b14	57.472	47.713	7.483	1.871
b69	57.472	49.584	10.198	2.550
b40	67.670	47.713	10.124	4.050
b100	77.795	47.713	7.746	3.098
b50	53.230	52.133	3.536	14.142
b10	53.230	66.275	3.606	14.422
b77	56.835	52.133	5.916	2.366
b4	62.751	52.133	10.954	2.739
b30	56.835	54.872	2.062	8.246
b35	56.835	63.118	2.121	8.485
b24	58.957	54.872	1.871	7.483
b16	58.957	62.355	1.936	7.746
b39	60.893	54.872	13.416	3.354
b20	74.309	54.872	11.489	2.872
b3	60.893	58.226	11.136	2.784
b31	72.029	58.226	9.381	2.345
b72	60.893	61.010	12.649	3.162
b23	73.542	61.010	12.000	3.000
b34	60.893	64.172	2.550	10.198
b1	60.893	74.370	2.598	10.392
b27	63.491	64.172	4.359	4.359
b64	67.850	64.172	18.000	4.500
b9	63.491	68.672	14.967	3.742
b7	78.458	68.672	7.246	2.898
b38	63.491	72.414	11.136	2.784
b33	74.627	72.414	9.798	2.449
b36	63.491	75.197	2.739	4.382
b44	63.491	79.579	3.162	5.060
b18	66.653	75.197	2.398	9.592
b0	69.051	75.197	2.291	9.165
b42	71.343	75.197	10.954	2.739
b15	71.343	77.936	13.601	5.441
