name	x	y	w	h
b43	0.000	0.000	5.511	14.697
b5	0.000	14.697	5.431	10.863
b15	0.000	25.560	5.274	16.876
b36	0.000	42.436	5.025	20.100
b91	0.000	62.535	5.573	12.739
b72	0.000	75.275	5.523	22.091
b22	5.573	0.000	4.541	14.533
b29	5.573	14.533	4.583	12.220
b3	5.573	26.753	4.243	16.971
b81	5.573	43.723	4.359	17.436
b96	5.573	61.159	4.583	18.330
b67	5.573	79.489	4.576	14.642
b88	10.156	0.000	2.958	11.832
b69	13.114	0.000	4.294	13.740
b92	10.156	13.740	7.141	2.380
b45	10.156	16.121	2.739	10.954
b0	12.895	16.121	4.583	12.220
b79	10.156	28.341	7.233	12.858
b21	10.156	41.199	7.306	16.699
b53	10.156	57.898	7.246	4.830
b44	10.156	62.729	7.306	16.699
b31	10.156	79.428	7.246	4.830
b68	10.156	84.258	7.310	12.996
b83	17.477	0.000	6.423	2.335
b30	23.900	0.000	9.592	2.398
b11	17.477	2.398	6.240	14.263
b12	17.477	16.661	6.364	8.485
b87	17.477	25.146	6.374	10.198
b71	17.477	35.344	6.175	9.879
b19	17.477	45.223	6.149	8.944
b50	17.477	54.168	6.139	10.914
b38	17.477	65.081	6.374	7.845
b73	17.477	72.926	6.285	25.140
b49	23.851	2.398	15.166	7.583
b63	39.017	2.398	6.047	7.442
b74	45.063	2.398	5.612	7.483
b57	50.676	2.398	4.308	7.659
b34	54.984	2.398	12.738	4.632
b95	54.984	7.030	12.329	3.082
b48	23.851	10.112	11.225	5.612
b13	35.076	10.112	19.248	5.923
b59	54.324	10.112	13.077	5.812
b66	23.851	16.035	5.809	23.238
b80	23.851	39.273	5.477	5.477
b41	23.851	44.750	5.761	10.242
b1	23.851	54.991	5.618	17.978
b46	23.851	72.969	5.745	5.745
b82	23.851	78.714	5.618	17.978
b18	29.660	16.035	11.916	5.958
b77	41.577	16.035	24.000	6.000
b65	29.660	22.035	18.118	5.575
b17	47.778	22.035	19.799	5.657
b39	29.660	27.691	6.833	12.147
b35	36.493	27.691	3.623	11.593
b25	29.660	39.839	10.161	5.806
b16	29.660	45.645	4.873	15.595
b7	29.660	61.240	4.975	6.633
b8	34.635	45.645	5.523	22.091
b70	29.660	67.873	10.173	4.522
b61	29.660	72.395	2.236	8.944
b86	31.896	72.395	8.155	9.320
b28	29.660	81.714	10.161	5.806
b99	29.660	87.521	10.488	10.488
b9	40.158	27.691	4.486	5.127
b89	44.644	27.691	7.842	5.228
b60	52.486	27.691	6.423	5.138
b20	58.909	27.691	8.660	2.887
b75	58.909	30.578	8.874	2.366
b54	40.158	32.945	8.307	5.538
b42	48.465	32.945	19.352	5.529
b24	40.158	38.482	12.359	3.803
b98	52.517	38.482	14.967	3.742
b33	40.158	42.285	6.708	4.472
b64	46.866	42.285	19.079	4.770
b37	40.158	47.055	7.550	5.033
b52	47.708	47.055	20.100	5.025
b58	40.158	52.088	11.045	5.523
b47	51.203	52.088	16.062	5.354
b56	40.158	57.611	7.794	3.464
b84	47.952	57.611	14.142	3.536
b4	40.158	61.146	2.000	8.000
b32	42.158	61.146	8.602	8.602
b10	50.760	61.146	4.062	8.124
b55	54.822	61.146	12.369	5.497
b23	54.822	66.644	12.329	3.082
b90	40.158	69.749	9.747	3.899
b94	49.905	69.749	15.875	3.969
b76	40.158	73.717	4.183	4.781
b78	44.341	73.717	6.124	4.899
b93	50.465	73.717	17.349	4.957
b27	40.158	78.674	2.958	9.466
b6	40.158	88.140	3.010	9.633
b40	43.168	78.674	4.039	7.180
b62	43.168	85.854	3.791	12.133
b85	47.207	78.674	2.291	5.237
b14	49.499	78.674	18.235	5.210
b2	47.207	83.911	5.339	14.236
b51	52.546	83.911	15.199	5.527
b97	52.546	89.438	4.861	8.641
b26	57.406	89.438	10.247	8.198
