name	x	y	w	h
b252	0.000	0.000	1.803	7.211
b279	1.803	0.000	9.874	3.950
b291	11.677	0.000	5.292	5.292
b250	16.968	0.000	5.000	5.000
b273	21.968	0.000	3.062	4.899
b282	25.030	0.000	5.568	5.568
b281	30.598	0.000	2.850	4.561
b268	33.449	0.000	2.850	4.561
b290	36.299	0.000	2.500	4.000
b298	38.799	0.000	5.568	5.568
b270	44.367	0.000	2.236	3.578
b299	44.367	3.578	2.000	2.000
b297	46.603	0.000	8.216	3.286
b292	46.603	3.286	9.381	2.345
b271	55.984	0.000	7.746	3.098
b275	55.984	3.098	7.746	1.936
b294	63.730	0.000	6.633	1.658
b284	63.730	1.658	7.746	1.936
b265	63.730	3.595	8.000	2.000
b240	71.730	0.000	3.162	3.162
b283	71.730	3.162	2.236	2.236
b237	74.892	0.000	8.944	2.236
b255	74.892	2.236	12.961	3.240
b223	87.853	0.000	6.325	1.581
b263	87.853	1.581	14.142	3.536
b246	1.803	5.632	7.746	3.098
b257	1.803	8.730	7.211	1.803
b224	1.803	10.533	3.708	5.933
b181	5.511	10.533	3.536	5.657
b219	9.046	10.533	1.732	6.928
b215	1.803	17.461	1.871	7.483
b266	3.674	17.461	7.071	7.071
b269	1.803	24.944	4.000	4.000
b288	5.803	24.944	4.899	4.899
b285	1.803	29.843	1.581	6.325
b277	3.384	29.843	7.211	1.803
b264	3.384	31.646	4.899	4.899
b296	8.283	31.646	2.500	4.000
b280	1.803	36.545	4.000	4.000
b287	5.803	36.545	4.583	4.583
b234	1.803	41.128	7.483	1.871
b247	1.803	42.998	2.872	11.489
b251	1.803	54.487	2.915	11.662
b239	4.718	42.998	2.291	9.165
b278	7.010	42.998	3.606	3.606
b245	7.010	46.604	3.536	5.657
b276	4.718	52.261	2.500	4.000
b244	7.218	52.261	3.317	3.317
b253	4.718	56.261	4.472	1.118
b213	4.718	57.379	1.658	6.633
b214	4.718	64.012	1.658	6.633
b267	6.377	57.379	4.402	7.043
b274	6.377	64.422	2.000	8.000
b259	8.377	64.422	2.236	3.578
b221	8.377	67.999	1.871	7.483
b248	10.783	5.632	5.568	5.568
b238	10.783	11.199	5.000	5.000
b289	10.783	16.199	5.292	5.292
b256	16.074	16.199	1.323	5.292
b295	10.783	21.491	2.850	4.561
b249	13.633	21.491	3.708	5.933
b209	10.783	27.424	6.164	6.164
b272	10.783	33.588	2.236	8.944
b170	13.019	33.588	4.330	6.928
b242	10.783	42.532	4.583	4.583
b260	15.365	42.532	1.936	3.098
b180	10.783	47.115	4.243	4.243
b254	15.026	47.115	2.236	3.578
b204	10.783	51.358	4.402	7.043
b226	15.185	51.358	1.936	7.746
b232	10.783	59.104	4.796	4.796
b286	10.783	63.899	2.915	11.662
b293	13.698	63.899	3.446	5.514
b207	13.698	69.413	3.708	5.933
b208	17.406	5.632	5.701	2.280
b159	23.107	5.632	11.489	2.872
b155	34.596	5.632	2.828	2.828
b229	37.425	5.632	8.216	3.286
b210	45.641	5.632	2.828	2.828
b192	48.469	5.632	11.314	2.828
b220	59.783	5.632	8.062	3.225
b175	67.845	5.632	1.936	3.098
b230	69.782	5.632	7.583	3.033
b228	77.365	5.632	3.162	3.162
b236	80.527	5.632	7.906	3.162
b216	88.432	5.632	6.892	2.757
b233	95.324	5.632	4.472	1.118
b191	95.324	6.750	7.211	1.803
b262	17.406	8.918	4.330	6.928
b199	21.737	8.918	4.031	6.450
b148	25.768	8.918	4.743	1.897
b122	25.768	10.815	4.472	4.472
b235	30.511	8.918	4.899	4.899
b231	30.511	13.817	5.244	2.098
b185	35.755	8.918	9.165	2.291
b168	35.755	11.209	9.592	2.398
b171	35.755	13.607	9.165	2.291
b203	45.347	8.918	6.325	1.581
b243	45.347	10.499	5.385	5.385
b186	51.671	8.918	4.899	4.899
b156	51.671	13.817	5.244	2.098
b261	56.915	8.918	5.701	2.280
b222	56.915	11.198	4.472	4.472
b172	61.388	11.198	2.372	3.795
b197	63.759	8.918	7.746	3.098
b200	63.759	12.016	9.618	3.847
b167	73.377	8.918	11.136	2.784
b227	73.377	11.702	2.500	4.000
b258	75.877	11.702	9.354	3.742
b212	85.231	8.918	9.165	2.291
b193	85.231	11.209	2.850	4.561
b196	88.082	11.209	12.490	3.122
b205	88.082	14.332	5.657	1.414
b241	93.738	14.332	5.657	1.414
b225	17.406	15.914	12.806	3.202
b202	30.213	15.914	8.803	3.521
b188	39.016	15.914	9.220	3.688
b184	48.236	15.914	8.216	3.286
b206	56.452	15.914	9.220	3.688
b157	65.671	15.914	6.928	1.732
b218	65.671	17.647	7.746	1.936
b165	73.417	15.914	2.372	3.795
b179	75.789	15.914	9.487	3.795
b138	85.276	15.914	8.216	3.286
b126	93.491	15.914	5.292	1.323
b198	93.491	17.237	9.165	2.291
b211	17.406	19.709	1.118	4.472
b195	17.406	24.181	1.581	6.325
b164	18.988	19.709	9.220	3.688
b176	18.988	23.397	10.770	2.693
b119	29.758	19.709	8.515	3.406
b217	29.758	23.115	7.416	2.966
b146	38.273	19.709	6.083	6.083
b163	44.355	19.709	3.260	5.215
b161	47.615	19.709	11.180	4.472
b116	47.615	24.181	7.211	1.803
b187	58.795	19.709	11.314	2.828
b120	58.795	22.538	8.660	3.464
b154	67.456	22.538	3.000	3.000
b177	70.456	19.709	5.916	5.916
b201	76.372	19.709	3.354	5.367
b173	79.726	19.709	3.446	5.514
b151	83.172	19.709	3.354	5.367
b128	86.526	19.709	5.385	5.385
b127	91.911	19.709	10.000	2.500
b137	91.911	22.209	3.742	3.742
b123	95.653	22.209	6.892	2.757
b84	18.988	26.090	5.477	5.477
b117	18.988	31.567	6.892	2.757
b135	18.988	34.324	6.325	2.530
b183	18.988	36.853	5.477	5.477
b152	24.465	36.853	1.323	5.292
b194	18.988	42.331	6.000	1.500
b133	18.988	43.831	3.873	3.873
b140	22.861	43.831	2.739	4.382
b149	18.988	48.212	2.449	9.798
b147	21.437	48.212	4.257	6.812
b141	21.437	55.024	4.472	4.472
b162	18.988	59.496	5.701	2.280
b112	18.988	61.777	6.708	2.683
b134	18.988	64.460	3.041	12.166
b190	22.029	64.460	2.398	9.592
b111	24.427	64.460	1.323	5.292
b178	24.427	69.751	1.414	5.657
b142	25.909	26.090	2.398	9.592
b153	25.909	35.681	2.693	10.770
b150	28.602	26.090	2.062	8.246
b174	28.602	34.336	2.000	8.000
b110	30.663	26.090	12.329	3.082
b121	42.992	26.090	10.954	2.739
b124	53.947	26.090	10.000	2.500
b70	63.947	26.090	6.519	2.608
b169	70.466	26.090	7.416	2.966
b114	30.663	29.172	2.958	11.832
b166	30.663	41.004	2.646	10.583
b63	30.663	51.587	3.082	12.329
b182	30.663	63.916	2.500	10.000
b106	33.746	29.172	6.325	1.581
b97	33.746	30.753	3.742	3.742
b115	37.487	30.753	4.243	4.243
b77	33.746	34.996	4.123	4.123
b143	37.869	34.996	3.742	3.742
b93	33.746	39.119	1.658	6.633
b85	35.404	39.119	4.610	7.376
b189	40.014	39.119	1.803	7.211
b125	33.746	46.494	5.303	8.485
b81	39.049	46.494	2.622	4.195
b136	39.049	50.690	2.622	4.195
b132	33.746	54.980	6.519	2.608
b96	33.746	57.587	4.677	7.483
b83	33.746	65.071	4.677	7.483
b99	38.423	57.587	3.162	5.060
b100	38.423	62.647	3.391	13.565
b158	41.816	29.172	2.092	3.347
b90	43.908	29.172	8.062	3.225
b118	51.970	29.172	12.490	3.122
b109	64.460	29.172	13.416	3.354
b91	77.877	29.172	7.246	2.898
b113	41.816	32.526	8.944	2.236
b145	41.816	34.762	7.483	1.871
b130	50.761	32.526	8.485	2.121
b94	50.761	34.647	7.483	1.871
b102	59.246	32.526	9.083	3.633
b54	68.329	32.526	7.746	3.098
b108	76.075	32.526	9.083	3.633
b48	85.158	32.526	7.416	2.966
b79	92.574	32.526	7.583	3.033
b139	41.816	36.633	8.803	3.521
b103	50.620	36.633	8.216	3.286
b88	58.836	36.633	8.660	3.464
b76	67.496	36.633	11.489	2.872
b30	78.985	36.633	5.701	2.280
b131	84.686	36.633	14.142	3.536
b92	41.816	40.168	14.000	3.500
b80	55.816	40.168	7.211	1.803
b64	55.816	41.971	6.928	1.732
b144	63.028	40.168	5.916	2.366
b49	68.944	40.168	8.216	3.286
b74	77.159	40.168	11.662	2.915
b59	88.821	40.168	12.806	3.202
b62	41.816	43.703	3.082	12.329
b86	41.816	56.032	3.162	12.649
b129	44.979	43.703	2.121	8.485
b104	44.979	52.188	1.871	7.483
b101	47.100	43.703	2.500	10.000
b69	47.100	53.703	2.398	9.592
b160	49.600	43.703	3.162	3.162
b24	52.762	43.703	3.162	3.162
b87	55.925	43.703	14.142	3.536
b98	70.067	43.703	3.317	3.317
b61	73.383	43.703	8.944	3.578
b78	82.328	43.703	6.325	2.530
b95	88.652	43.703	12.329	3.082
b51	49.600	47.281	2.449	2.449
b28	49.600	49.730	2.646	2.646
b67	52.246	47.281	2.622	4.195
b71	54.868	47.281	5.000	5.000
b52	59.868	47.281	3.162	5.060
b55	63.030	47.281	4.359	4.359
b57	67.389	47.281	11.402	4.561
b105	78.791	47.281	10.392	2.598
b42	78.791	49.879	10.392	2.598
b18	89.183	47.281	13.266	3.317
b2	89.183	50.598	7.483	1.871
b58	49.600	52.477	1.936	7.746
b89	49.600	60.223	2.236	8.944
b73	51.836	52.477	1.803	7.211
b39	53.639	52.477	3.162	1.265
b75	53.639	53.742	3.260	5.215
b43	51.836	59.688	3.446	5.514
b37	55.282	59.688	1.414	5.657
b68	51.836	65.345	2.693	10.770
b36	54.529	65.345	2.179	8.718
b31	56.898	52.477	2.598	10.392
b66	56.898	62.869	3.317	13.266
b34	60.215	52.477	4.472	1.789
b82	60.215	54.266	4.690	4.690
b56	60.215	58.956	4.541	7.266
b23	60.215	66.223	2.000	8.000
b6	62.215	66.223	2.449	9.798
b32	64.906	52.477	3.162	3.162
b107	68.068	52.477	3.317	3.317
b27	71.384	52.477	11.832	2.958
b38	83.217	52.477	3.162	3.162
b33	86.379	52.477	13.856	3.464
b11	64.906	55.941	2.398	9.592
b22	64.906	65.533	2.449	9.798
b17	67.355	55.941	11.832	2.958
b47	79.187	55.941	12.490	3.122
b19	91.677	55.941	6.892	2.757
b45	67.355	59.064	2.958	4.733
b4	67.355	63.797	3.240	12.961
b53	70.595	59.064	2.500	4.000
b21	70.595	63.064	2.693	10.770
b72	73.288	59.064	1.658	6.633
b1	73.288	65.697	1.581	6.325
b65	74.946	59.064	2.092	3.347
b7	74.946	62.410	2.449	9.798
b50	77.396	59.064	2.092	3.347
b46	77.396	62.410	2.449	2.449
b20	77.396	64.860	2.449	2.449
b8	77.396	67.309	2.121	8.485
b41	79.845	59.064	2.000	8.000
b40	79.845	67.064	2.291	9.165
b35	82.137	59.064	2.828	2.828
b16	82.137	61.892	3.317	13.266
b5	85.453	59.064	6.325	1.581
b0	91.778	59.064	6.325	1.581
b25	85.453	60.645	10.770	2.693
b44	96.224	60.645	6.124	2.449
b26	85.453	63.337	3.464	3.464
b15	88.917	63.337	3.464	3.464
b9	92.381	63.337	8.062	3.225
b3	85.453	66.801	2.345	9.381
b10	87.798	66.801	2.622	4.195
b13	90.420	66.801	12.166	3.041
b60	90.420	69.843	7.746	1.936
b29	87.798	71.779	8.944	2.236
b14	87.798	74.015	9.381	2.345
b12	97.179	71.779	2.236	3.578
