name	x	y	w	h
b69	0.000	0.000	3.841	15.362
b18	3.841	0.000	4.213	16.852
b57	3.841	16.852	4.541	7.266
b61	8.382	0.000	4.472	4.472
b44	8.382	4.472	5.523	22.091
b89	13.905	0.000	3.202	12.806
b35	13.905	12.806	3.240	12.961
b3	17.145	0.000	8.485	8.485
b21	17.145	8.485	8.732	13.971
b40	25.877	0.000	5.385	5.385
b99	25.877	5.385	5.244	20.976
b10	31.262	0.000	4.541	7.266
b26	31.262	7.266	4.583	18.330
b65	35.845	0.000	10.050	10.050
b73	35.845	10.050	9.937	15.900
b33	45.895	0.000	2.739	10.954
b5	45.895	10.954	3.841	15.362
b9	49.735	0.000	4.796	4.796
b52	49.735	4.796	5.025	20.100
b45	54.760	0.000	4.330	6.928
b51	54.760	6.928	4.583	18.330
b56	59.343	0.000	2.598	10.392
b25	59.343	10.392	3.841	15.362
b42	63.183	0.000	8.178	13.084
b17	63.183	13.084	8.367	13.387
b71	71.550	0.000	3.905	15.620
b83	71.550	15.620	3.873	3.873
b39	75.455	0.000	4.555	18.221
b60	75.455	18.221	4.541	7.266
b55	80.010	0.000	4.123	16.492
b85	80.010	16.492	3.464	3.464
b74	84.134	0.000	3.240	12.961
b97	84.134	12.961	3.240	12.961
b64	87.374	0.000	7.542	12.066
b79	87.374	12.066	7.624	12.198
b13	94.998	0.000	8.441	13.506
b1	94.998	13.506	7.945	12.712
b11	103.439	0.000	7.458	11.933
b93	103.439	11.933	7.331	11.730
b86	110.897	0.000	17.436	4.359
b59	110.897	4.359	17.436	4.359
b16	110.897	8.718	17.436	4.359
b20	110.897	13.077	2.500	10.000
b0	113.397	13.077	14.967	3.742
b29	113.397	16.818	5.916	9.466
b43	119.313	16.818	9.000	9.000
b6	128.364	0.000	2.693	10.770
b95	128.364	10.770	3.082	12.329
b12	131.446	0.000	3.674	14.697
b46	131.446	14.697	2.872	11.489
b8	135.120	0.000	11.045	11.045
b63	135.120	11.045	10.607	4.243
b72	135.120	15.288	11.045	11.045
b68	146.166	0.000	9.747	9.747
b77	146.166	9.747	9.487	15.179
b84	155.912	0.000	7.071	7.071
b98	155.912	7.071	7.483	7.483
b15	155.912	14.554	7.458	11.933
b81	163.396	0.000	4.359	17.436
b38	163.396	17.436	5.590	8.944
b22	168.986	0.000	4.062	16.248
b75	168.986	16.248	3.623	5.797
b82	173.048	0.000	7.945	12.712
b49	173.048	12.712	8.478	13.565
b66	181.526	0.000	9.186	14.697
b14	181.526	14.697	9.747	9.747
b58	191.273	0.000	6.175	9.879
b90	191.273	9.879	6.164	6.164
b34	191.273	16.044	6.072	9.716
b2	197.447	0.000	13.784	5.514
b47	197.447	5.514	14.663	5.865
b7	197.447	11.379	11.489	2.872
b31	197.447	14.251	2.958	11.832
b28	200.405	14.251	12.145	4.858
b80	200.405	19.109	4.330	6.928
b19	204.735	19.109	7.416	7.416
b23	212.550	0.000	3.082	12.329
b70	212.550	12.329	3.391	13.565
b87	215.941	0.000	4.031	16.125
b76	215.941	16.125	3.536	5.657
b53	219.972	0.000	2.958	11.832
b24	219.972	11.832	3.428	13.711
b96	223.400	0.000	4.583	18.330
b88	223.400	18.330	4.677	7.483
b41	228.077	0.000	12.145	4.858
b36	240.222	0.000	20.100	5.025
b67	228.077	5.025	6.471	10.354
b94	228.077	15.379	6.275	10.040
b62	234.548	5.025	10.724	4.290
b37	234.548	9.314	12.329	3.082
b27	234.548	12.397	5.292	5.292
b54	234.548	17.688	5.362	8.579
b92	239.910	12.397	6.519	2.608
b32	239.910	15.004	6.801	10.881
b91	246.877	5.025	13.323	5.329
b50	246.877	10.354	12.942	5.177
b78	246.877	15.531	2.739	10.954
b30	249.616	15.531	2.398	9.592
b48	252.014	15.531	6.275	10.040
b4	258.289	15.531	2.000	8.000
