name	x	y	w	h
b144	0.000	0.000	8.327	3.122
b157	0.000	3.122	8.485	2.121
b143	0.000	5.244	8.485	8.485
b187	0.000	13.729	8.347	2.276
b153	0.000	16.005	3.000	6.000
b138	3.000	16.005	4.243	5.657
b133	7.243	16.005	1.225	4.899
b122	0.000	22.005	5.874	7.832
b183	5.874	22.005	2.708	8.124
b193	0.000	30.130	4.655	13.964
b164	4.655	30.130	3.937	7.874
b185	4.655	38.004	3.742	5.612
b103	0.000	44.094	4.646	7.964
b151	4.646	44.094	2.000	8.000
b182	6.646	44.094	1.936	7.746
b114	0.000	52.094	5.196	5.196
b136	5.196	52.094	3.367	5.050
b115	0.000	57.290	4.082	9.798
b174	4.082	57.290	2.121	8.485
b186	6.204	57.290	2.398	9.592
b149	0.000	67.088	8.485	2.121
b139	0.000	69.209	4.301	8.602
b163	0.000	77.812	4.387	17.550
b198	4.387	69.209	4.000	8.000
b101	4.387	77.209	4.153	16.613
b117	8.602	0.000	4.320	7.407
b189	8.602	7.407	2.398	9.592
b175	11.000	7.407	1.936	7.746
b105	8.602	16.998	3.958	11.874
b88	8.602	28.873	4.233	10.159
b96	8.602	39.031	4.082	9.798
b191	8.602	48.829	4.320	12.961
b73	8.602	61.791	4.330	5.774
b190	8.602	67.564	4.330	10.392
b124	8.602	77.957	4.173	4.553
b152	12.936	0.000	5.979	6.523
b168	18.915	0.000	4.975	6.633
b199	23.890	0.000	8.083	6.062
b179	31.973	0.000	10.488	6.293
b100	42.461	0.000	3.742	6.414
b178	46.203	0.000	2.000	6.000
b145	48.203	0.000	8.563	6.423
b195	56.766	0.000	11.314	2.828
b84	56.766	2.828	15.100	3.775
b147	12.936	6.633	7.483	1.871
b155	20.419	6.633	3.464	1.732
b116	12.936	8.504	10.583	5.292
b106	12.936	13.796	10.583	4.536
b173	12.936	18.331	11.000	3.000
b196	12.936	21.331	3.663	6.279
b131	16.599	21.331	4.163	6.245
b56	20.762	21.331	3.162	6.325
b1	12.936	27.656	6.708	4.025
b70	19.644	27.656	4.243	4.243
b167	12.936	31.898	5.657	4.243
b161	18.593	31.898	5.292	3.969
b158	12.936	36.141	2.915	5.831
b118	15.852	36.141	8.083	6.062
b132	12.936	42.203	4.491	4.899
b159	17.427	42.203	6.429	4.822
b171	12.936	47.102	6.278	6.849
b128	19.214	47.102	4.619	6.928
b141	12.936	54.030	10.661	2.908
b148	12.936	56.938	3.055	5.237
b72	12.936	62.175	3.162	12.649
b192	12.936	74.824	3.028	7.266
b78	12.936	82.091	3.162	12.649
b11	16.098	56.938	7.746	2.324
b104	16.098	59.262	2.828	11.314
b197	18.927	59.262	4.958	11.900
b176	16.098	71.161	4.000	3.000
b109	20.098	71.161	3.651	2.739
b177	16.098	74.161	4.899	4.899
b77	20.997	74.161	2.858	4.899
b46	16.098	79.060	3.894	6.676
b107	19.993	79.060	3.894	6.676
b67	16.098	85.737	5.817	9.971
b98	21.915	85.737	1.936	7.746
b166	23.936	8.504	8.000	2.000
b172	23.936	10.504	9.165	3.055
b165	23.936	13.559	9.037	5.422
b120	23.936	18.981	8.944	2.683
b181	23.936	21.665	9.183	2.505
b60	23.936	24.169	8.718	4.359
b140	23.936	28.528	2.533	2.763
b63	26.469	28.528	6.658	2.854
b21	23.936	31.382	9.018	6.764
b162	23.936	38.145	4.163	3.122
b150	28.099	38.145	4.830	2.898
b62	23.936	41.268	6.325	9.487
b80	30.261	41.268	2.828	2.828
b125	30.261	44.096	2.739	6.573
b146	23.936	50.755	5.164	7.746
b156	29.100	50.755	3.808	7.616
b64	23.936	58.501	5.196	15.588
b85	29.132	58.501	4.000	16.000
b45	23.936	74.501	8.718	2.179
b129	23.936	76.680	4.243	16.971
b170	28.179	76.680	4.899	7.348
b71	28.179	84.029	4.610	11.063
b91	33.132	8.504	5.745	7.659
b130	38.877	8.504	9.730	7.297
b102	48.607	8.504	7.528	4.517
b75	48.607	13.021	7.326	3.140
b188	56.134	8.504	4.518	7.746
b42	60.653	8.504	10.954	2.739
b180	60.653	11.243	3.162	4.743
b90	63.815	11.243	8.062	4.837
b126	33.132	16.250	11.255	3.376
b160	44.387	16.250	4.619	3.464
b32	49.006	16.250	7.937	3.402
b5	56.943	16.250	11.402	3.421
b37	68.345	16.250	3.464	3.464
b87	33.132	19.714	9.644	3.215
b142	42.776	19.714	13.416	3.354
b134	56.192	19.714	5.323	3.194
b83	61.515	19.714	7.638	3.273
b20	33.132	23.068	11.489	2.872
b112	44.621	23.068	10.488	2.860
b137	33.132	25.941	7.746	1.936
b16	40.878	25.941	7.746	1.936
b110	33.132	27.877	12.000	3.000
b119	45.132	27.877	10.661	2.908
b27	33.132	30.877	6.658	2.854
b127	33.132	33.731	6.658	2.854
b169	33.132	36.584	6.494	7.084
b86	33.132	43.668	2.958	7.099
b97	36.090	43.668	3.536	7.071
b111	33.132	50.767	1.936	4.648
b48	35.069	50.767	4.592	5.009
b28	33.132	55.776	6.481	9.721
b43	33.132	65.498	6.390	7.668
b154	33.132	73.166	6.633	9.950
b13	33.132	83.116	6.205	12.410
b74	39.791	30.877	8.718	2.179
b123	39.791	33.056	2.915	5.831
b57	42.706	33.056	5.745	5.745
b76	39.791	38.887	1.581	3.795
b68	41.372	38.887	7.071	4.243
b81	39.791	43.130	4.378	5.254
b31	44.169	43.130	4.282	5.138
b135	39.791	48.384	3.416	5.855
b3	43.206	48.384	5.331	5.815
b65	39.791	54.239	3.873	9.295
b39	43.664	54.239	4.743	9.487
b94	39.791	63.726	3.000	3.000
b44	42.791	63.726	5.657	2.828
b12	39.791	66.726	3.674	14.697
b59	43.465	66.726	5.033	15.100
b29	39.791	81.826	8.000	2.000
b121	39.791	83.826	4.655	11.171
b25	44.445	83.826	3.958	11.874
b82	48.537	30.877	11.804	3.219
b52	60.341	30.877	11.489	3.133
b92	48.537	34.096	12.000	3.000
b66	60.537	34.096	11.328	3.090
b17	48.537	37.186	9.644	3.215
b49	58.181	37.186	13.416	3.354
b33	48.537	40.540	9.798	2.449
b79	58.335	40.540	10.000	2.500
b30	48.537	43.040	6.733	2.525
b6	48.537	45.565	6.481	2.160
b19	48.537	47.725	6.583	1.975
b93	48.537	49.700	4.062	8.124
b7	52.599	49.700	2.646	7.937
b0	48.537	57.824	2.291	9.165
b61	50.828	57.824	4.472	8.944
b95	48.537	66.989	6.532	4.899
b50	48.537	71.888	6.770	7.385
b194	48.537	79.274	4.031	16.125
b99	52.568	79.274	2.598	10.392
b35	55.307	43.040	6.000	3.000
b38	61.307	43.040	10.165	3.050
b53	55.307	46.090	3.317	3.317
b40	58.624	46.090	12.806	3.202
b23	55.307	49.406	4.243	8.485
b9	55.307	57.891	4.320	12.961
b184	55.307	70.853	4.320	3.240
b8	55.307	74.093	4.243	4.243
b15	55.307	78.336	4.301	17.205
b47	59.628	49.406	2.236	5.367
b4	61.864	49.406	10.000	3.000
b54	61.864	52.406	10.000	2.500
b108	59.628	54.906	5.916	2.535
b89	65.544	54.906	5.916	2.535
b18	59.628	57.442	6.191	3.715
b55	65.819	57.442	6.055	3.633
b24	59.628	61.156	2.858	4.899
b113	62.485	61.156	9.274	4.637
b34	59.628	66.055	4.163	6.245
b51	63.791	66.055	7.916	5.937
b14	59.628	72.300	4.320	3.240
b69	63.948	72.300	7.789	3.338
b36	59.628	75.639	1.732	6.928
b22	61.360	75.639	9.933	3.725
b26	61.360	79.363	10.198	3.824
b2	59.628	83.188	4.123	12.369
b41	63.751	83.188	6.325	1.581
b10	63.751	84.769	5.099	10.198
b58	68.850	84.769	2.646	10.583
